1.000000
6

1.000000	

-0.051452	
-0.065711	
0.033300	
0.561190	
0.712370	
-0.373156	


0.001253	0.001553	-0.000737	-0.012043	-0.013378	0.006216	
0.001553	0.001948	-0.000914	-0.014706	-0.016559	0.007405	
-0.000737	-0.000914	0.000436	0.007144	0.007976	-0.003752	
-0.012043	-0.014706	0.007144	0.306388	0.330767	-0.158949	
-0.013378	-0.016559	0.007976	0.330767	0.366700	-0.175662	
0.006216	0.007405	-0.003752	-0.158949	-0.175662	0.091511	


