1.000000
6

1.000000	

0.040822	
-0.141757	
-0.156570	
0.015331	
0.236659	
0.464289	


0.001608	0.000627	0.001766	-0.001244	0.002868	0.013090	
0.000627	0.013402	0.029851	-0.019533	-0.013815	-0.031931	
0.001766	0.029851	0.068267	-0.045657	-0.030121	-0.071274	
-0.001244	-0.019533	-0.045657	0.039163	0.023560	0.049229	
0.002868	-0.013815	-0.030121	0.023560	0.027398	0.062842	
0.013090	-0.031931	-0.071274	0.049229	0.062842	0.238250	


