1.000000
8

1.000000	

-0.007219	
-0.000355	
-0.104865	
-0.081181	
-0.022928	
-0.012573	
0.054083	
0.047554	


0.012333	0.006559	-0.001955	0.001438	-0.003517	-0.001323	-0.000004	-0.000552	
0.006559	0.003540	-0.001161	0.000557	-0.002032	-0.000825	0.000197	-0.000096	
-0.001955	-0.001161	0.009031	0.001741	0.002900	0.001236	-0.002121	0.002274	
0.001438	0.000557	0.001741	0.003188	0.000243	0.000327	-0.001931	-0.002925	
-0.003517	-0.002032	0.002900	0.000243	0.007131	0.003930	-0.003532	0.001960	
-0.001323	-0.000825	0.001236	0.000327	0.003930	0.002310	-0.002198	0.000928	
-0.000004	0.000197	-0.002121	-0.001931	-0.003532	-0.002198	0.007094	0.000865	
-0.000552	-0.000096	0.002274	-0.002925	0.001960	0.000928	0.000865	0.013032	


