1.000000
8

1.000000	

-0.002253	
-0.000039	
-0.005517	
0.105689	
0.009633	
-0.001466	
0.027535	
-0.840377	


0.000111	0.000006	-0.000005	-0.000202	-0.000030	-0.000016	0.000031	-0.000117	
0.000006	0.000104	-0.000004	-0.000101	-0.000007	-0.000010	0.000047	-0.000567	
-0.000005	-0.000004	0.000109	0.000033	-0.000034	0.000013	-0.000168	0.002774	
-0.000202	-0.000101	0.000033	0.004320	0.000323	-0.000005	0.000614	-0.025200	
-0.000030	-0.000007	-0.000034	0.000323	0.051317	0.022784	0.002377	-0.067119	
-0.000016	-0.000010	0.000013	-0.000005	0.022784	0.010958	-0.002546	-0.025275	
0.000031	0.000047	-0.000168	0.000614	0.002377	-0.002546	0.018264	-0.034028	
-0.000117	-0.000567	0.002774	-0.025200	-0.067119	-0.025275	-0.034028	1.273717	


