  -4.7441501e-01  -6.9343422e-01   5.4235358e-01   4.1676452e-01  -5.8909190e-01   7.0788935e-01   3.8978381e-01  -1.0656393e+00  -6.5419348e-01  -1.3457224e-01  -7.4430449e-01   1.0926506e+00
  -4.7440654e-01  -6.9344632e-01   5.4234554e-01   4.1676752e-01  -5.8909581e-01   7.0787862e-01   3.8979742e-01  -1.0656364e+00  -6.5419614e-01  -1.3456642e-01  -7.4430324e-01   1.0926485e+00
  -4.7438781e-01  -6.9345327e-01   5.4235301e-01   4.1677429e-01  -5.8910359e-01   7.0786923e-01   3.8980269e-01  -1.0656357e+00  -6.5420269e-01  -1.3457989e-01  -7.4429503e-01   1.0926511e+00
  -4.7438373e-01  -6.9345273e-01   5.4235726e-01   4.1677657e-01  -5.8909388e-01   7.0787099e-01   3.8981412e-01  -1.0656323e+00  -6.5421443e-01  -1.3457326e-01  -7.4428592e-01   1.0926487e+00
  -4.7436627e-01  -6.9346215e-01   5.4236049e-01   4.1678305e-01  -5.8909595e-01   7.0786120e-01   3.8982876e-01  -1.0656312e+00  -6.5422514e-01  -1.3457619e-01  -7.4427597e-01   1.0926481e+00
  -4.7435197e-01  -6.9347062e-01   5.4236215e-01   4.1678900e-01  -5.8909993e-01   7.0785219e-01   3.8983917e-01  -1.0656287e+00  -6.5423202e-01  -1.3457997e-01  -7.4426926e-01   1.0926470e+00
  -4.7434680e-01  -6.9347883e-01   5.4235615e-01   4.1679217e-01  -5.8910178e-01   7.0784512e-01   3.8984910e-01  -1.0656262e+00  -6.5423402e-01  -1.3457475e-01  -7.4426839e-01   1.0926455e+00
  -4.7433293e-01  -6.9348587e-01   5.4235935e-01   4.1679777e-01  -5.8910609e-01   7.0783717e-01   3.8985707e-01  -1.0656254e+00  -6.5424021e-01  -1.3458056e-01  -7.4426192e-01   1.0926459e+00
  -4.7432477e-01  -6.9349152e-01   5.4235922e-01   4.1680098e-01  -5.8910286e-01   7.0783254e-01   3.8987043e-01  -1.0656220e+00  -6.5424910e-01  -1.3457562e-01  -7.4425503e-01   1.0926437e+00
  -4.7431574e-01  -6.9349222e-01   5.4236624e-01   4.1680457e-01  -5.8909918e-01   7.0783145e-01   3.8987789e-01  -1.0656205e+00  -6.5425893e-01  -1.3457772e-01  -7.4424599e-01   1.0926429e+00
  -4.7430493e-01  -6.9349774e-01   5.4236856e-01   4.1680901e-01  -5.8910313e-01   7.0782509e-01   3.8988356e-01  -1.0656204e+00  -6.5426320e-01  -1.3458275e-01  -7.4424135e-01   1.0926434e+00
  -4.7430203e-01  -6.9350366e-01   5.4236358e-01   4.1681224e-01  -5.8909955e-01   7.0782117e-01   3.8989607e-01  -1.0656173e+00  -6.5426852e-01  -1.3457307e-01  -7.4423841e-01   1.0926389e+00
  -4.7429514e-01  -6.9350791e-01   5.4236418e-01   4.1681581e-01  -5.8910142e-01   7.0781667e-01   3.8990135e-01  -1.0656158e+00  -6.5427184e-01  -1.3457465e-01  -7.4423521e-01   1.0926382e+00
  -4.7428112e-01  -6.9351121e-01   5.4237220e-01   4.1681916e-01  -5.8909808e-01   7.0781290e-01   3.8991324e-01  -1.0656163e+00  -6.5428495e-01  -1.3457738e-01  -7.4422316e-01   1.0926358e+00
  -4.7427372e-01  -6.9352489e-01   5.4236117e-01   4.1682382e-01  -5.8910577e-01   7.0780040e-01   3.8992432e-01  -1.0656124e+00  -6.5428344e-01  -1.3457267e-01  -7.4422537e-01   1.0926366e+00
  -4.7423569e-01  -6.9353897e-01   5.4237649e-01   4.1683948e-01  -5.8910958e-01   7.0778388e-01   3.8994855e-01  -1.0656059e+00  -6.5430759e-01  -1.3458707e-01  -7.4420153e-01   1.0926359e+00
  -4.7422581e-01  -6.9354268e-01   5.4238034e-01   4.1684174e-01  -5.8910423e-01   7.0778082e-01   3.8996213e-01  -1.0656049e+00  -6.5431954e-01  -1.3458389e-01  -7.4419153e-01   1.0926322e+00
  -4.7421290e-01  -6.9355330e-01   5.4237806e-01   4.1684664e-01  -5.8910814e-01   7.0777049e-01   3.8997500e-01  -1.0656029e+00  -6.5432539e-01  -1.3458353e-01  -7.4418651e-01   1.0926316e+00
  -4.7420099e-01  -6.9355610e-01   5.4238486e-01   4.1685146e-01  -5.8910610e-01   7.0776713e-01   3.8998419e-01  -1.0656012e+00  -6.5433583e-01  -1.3458678e-01  -7.4417671e-01   1.0926305e+00
  -4.7418938e-01  -6.9356338e-01   5.4238570e-01   4.1685606e-01  -5.8910373e-01   7.0776071e-01   3.8999947e-01  -1.0655973e+00  -6.5434642e-01  -1.3458321e-01  -7.4416809e-01   1.0926284e+00
  -4.7417013e-01  -6.9357341e-01   5.4238970e-01   4.1686436e-01  -5.8910990e-01   7.0774936e-01   3.9001072e-01  -1.0655955e+00  -6.5435478e-01  -1.3459113e-01  -7.4415927e-01   1.0926285e+00
  -4.7415911e-01  -6.9357872e-01   5.4239260e-01   4.1686934e-01  -5.8911077e-01   7.0774376e-01   3.9001959e-01  -1.0655934e+00  -6.5436197e-01  -1.3459339e-01  -7.4415255e-01   1.0926276e+00
  -4.7414563e-01  -6.9359273e-01   5.4238647e-01   4.1687484e-01  -5.8911454e-01   7.0773087e-01   3.9003726e-01  -1.0655894e+00  -6.5436840e-01  -1.3458876e-01  -7.4414775e-01   1.0926256e+00
  -4.7413623e-01  -6.9359290e-01   5.4239446e-01   4.1687891e-01  -5.8911450e-01   7.0772939e-01   3.9003999e-01  -1.0655894e+00  -6.5437518e-01  -1.3459577e-01  -7.4414052e-01   1.0926260e+00
  -4.7410671e-01  -6.9360610e-01   5.4240336e-01   4.1688909e-01  -5.8911090e-01   7.0771629e-01   3.9006930e-01  -1.0655851e+00  -6.5439990e-01  -1.3459668e-01  -7.4411862e-01   1.0926215e+00
  -4.7410142e-01  -6.9361266e-01   5.4239958e-01   4.1689370e-01  -5.8911129e-01   7.0771066e-01   3.9007884e-01  -1.0655830e+00  -6.5440335e-01  -1.3459223e-01  -7.4411636e-01   1.0926180e+00
  -4.7409301e-01  -6.9362626e-01   5.4238956e-01   4.1689935e-01  -5.8912239e-01   7.0769738e-01   3.9008619e-01  -1.0655804e+00  -6.5439944e-01  -1.3459212e-01  -7.4411982e-01   1.0926195e+00
  -4.7408042e-01  -6.9363361e-01   5.4239118e-01   4.1690493e-01  -5.8912435e-01   7.0768984e-01   3.9009694e-01  -1.0655781e+00  -6.5440682e-01  -1.3459398e-01  -7.4411301e-01   1.0926185e+00
  -4.7404931e-01  -6.9364789e-01   5.4240007e-01   4.1691582e-01  -5.8912871e-01   7.0767404e-01   3.9011894e-01  -1.0655736e+00  -6.5442538e-01  -1.3460327e-01  -7.4409499e-01   1.0926192e+00
  -4.7403795e-01  -6.9365428e-01   5.4240186e-01   4.1692191e-01  -5.8913077e-01   7.0766732e-01   3.9012801e-01  -1.0655714e+00  -6.5443184e-01  -1.3460553e-01  -7.4408893e-01   1.0926184e+00
  -4.7402310e-01  -6.9365876e-01   5.4240911e-01   4.1692785e-01  -5.8912784e-01   7.0766255e-01   3.9014110e-01  -1.0655672e+00  -6.5444513e-01  -1.3460781e-01  -7.4407680e-01   1.0926164e+00
  -4.7401300e-01  -6.9367022e-01   5.4240327e-01   4.1693210e-01  -5.8912937e-01   7.0765249e-01   3.9015709e-01  -1.0655634e+00  -6.5445113e-01  -1.3460158e-01  -7.4407267e-01   1.0926141e+00
  -4.7399713e-01  -6.9367019e-01   5.4241719e-01   4.1693693e-01  -5.8912379e-01   7.0765132e-01   3.9016767e-01  -1.0655630e+00  -6.5446768e-01  -1.3460793e-01  -7.4405701e-01   1.0926117e+00
  -4.7398127e-01  -6.9368762e-01   5.4240872e-01   4.1694549e-01  -5.8913581e-01   7.0763392e-01   3.9018096e-01  -1.0655591e+00  -6.5446828e-01  -1.3460935e-01  -7.4405617e-01   1.0926129e+00
  -4.7396602e-01  -6.9369153e-01   5.4241706e-01   4.1695230e-01  -5.8913481e-01   7.0762909e-01   3.9019129e-01  -1.0655562e+00  -6.5448024e-01  -1.3461476e-01  -7.4404470e-01   1.0926120e+00
  -4.7396544e-01  -6.9369210e-01   5.4241678e-01   4.1695236e-01  -5.8912372e-01   7.0763085e-01   3.9020482e-01  -1.0655547e+00  -6.5449062e-01  -1.3460244e-01  -7.4403776e-01   1.0926050e+00
  -4.7392368e-01  -6.9372030e-01   5.4241725e-01   4.1697006e-01  -5.8914117e-01   7.0760080e-01   3.9023299e-01  -1.0655471e+00  -6.5450515e-01  -1.3461511e-01  -7.4402269e-01   1.0926077e+00
  -4.7389946e-01  -6.9373004e-01   5.4242601e-01   4.1697845e-01  -5.8914138e-01   7.0759017e-01   3.9025193e-01  -1.0655452e+00  -6.5452251e-01  -1.3462082e-01  -7.4400639e-01   1.0926052e+00
  -4.7389630e-01  -6.9373912e-01   5.4241708e-01   4.1698379e-01  -5.8914745e-01   7.0758193e-01   3.9025777e-01  -1.0655430e+00  -6.5451937e-01  -1.3461737e-01  -7.4400979e-01   1.0926045e+00
  -4.7387046e-01  -6.9374304e-01   5.4243468e-01   4.1699127e-01  -5.8914408e-01   7.0757596e-01   3.9027362e-01  -1.0655403e+00  -6.5454107e-01  -1.3462848e-01  -7.4398865e-01   1.0926035e+00
  -4.7386844e-01  -6.9375237e-01   5.4242450e-01   4.1699613e-01  -5.8914646e-01   7.0756849e-01   3.9028364e-01  -1.0655362e+00  -6.5454041e-01  -1.3461984e-01  -7.4399082e-01   1.0926013e+00
  -4.7384414e-01  -6.9376535e-01   5.4242911e-01   4.1700507e-01  -5.8915794e-01   7.0755318e-01   3.9029403e-01  -1.0655342e+00  -6.5454766e-01  -1.3463335e-01  -7.4398198e-01   1.0926038e+00
  -4.7382572e-01  -6.9377193e-01   5.4243682e-01   4.1701251e-01  -5.8915262e-01   7.0754684e-01   3.9031358e-01  -1.0655294e+00  -6.5456581e-01  -1.3463289e-01  -7.4396615e-01   1.0926013e+00
  -4.7380956e-01  -6.9378154e-01   5.4243864e-01   4.1701982e-01  -5.8916010e-01   7.0753598e-01   3.9032191e-01  -1.0655281e+00  -6.5457071e-01  -1.3464034e-01  -7.4396043e-01   1.0926016e+00
  -4.7381224e-01  -6.9377989e-01   5.4243842e-01   4.1701892e-01  -5.8914751e-01   7.0754019e-01   3.9033338e-01  -1.0655266e+00  -6.5458018e-01  -1.3462696e-01  -7.4395457e-01   1.0925945e+00
  -4.7377942e-01  -6.9380399e-01   5.4243623e-01   4.1703260e-01  -5.8916540e-01   7.0751430e-01   3.9035327e-01  -1.0655210e+00  -6.5458779e-01  -1.3463874e-01  -7.4394570e-01   1.0925983e+00
  -4.7375387e-01  -6.9381786e-01   5.4244082e-01   4.1704300e-01  -5.8916423e-01   7.0750077e-01   3.9037954e-01  -1.0655178e+00  -6.5460736e-01  -1.3463834e-01  -7.4392858e-01   1.0925917e+00
  -4.7372579e-01  -6.9382988e-01   5.4244998e-01   4.1705619e-01  -5.8917034e-01   7.0748667e-01   3.9039587e-01  -1.0655111e+00  -6.5462217e-01  -1.3465027e-01  -7.4391338e-01   1.0925946e+00
  -4.7371017e-01  -6.9383792e-01   5.4245331e-01   4.1706263e-01  -5.8917269e-01   7.0747808e-01   3.9040789e-01  -1.0655088e+00  -6.5463139e-01  -1.3465393e-01  -7.4390464e-01   1.0925937e+00
  -4.7370095e-01  -6.9385160e-01   5.4244386e-01   4.1706868e-01  -5.8917900e-01   7.0746561e-01   3.9042097e-01  -1.0655072e+00  -6.5463230e-01  -1.3464917e-01  -7.4390462e-01   1.0925910e+00
  -4.7368215e-01  -6.9385747e-01   5.4245278e-01   4.1707702e-01  -5.8917858e-01   7.0745869e-01   3.9043421e-01  -1.0655037e+00  -6.5464637e-01  -1.3465528e-01  -7.4389120e-01   1.0925898e+00
  -4.7366222e-01  -6.9387287e-01   5.4245055e-01   4.1708592e-01  -5.8918912e-01   7.0744247e-01   3.9044762e-01  -1.0655017e+00  -6.5465130e-01  -1.3466107e-01  -7.4388583e-01   1.0925896e+00
  -4.7363761e-01  -6.9388474e-01   5.4245682e-01   4.1709422e-01  -5.8918732e-01   7.0743068e-01   3.9047175e-01  -1.0654949e+00  -6.5467072e-01  -1.3466201e-01  -7.4386855e-01   1.0925885e+00
  -4.7362070e-01  -6.9388920e-01   5.4246590e-01   4.1710239e-01  -5.8919034e-01   7.0742434e-01   3.9047866e-01  -1.0654932e+00  -6.5468023e-01  -1.3467232e-01  -7.4385828e-01   1.0925884e+00
  -4.7361339e-01  -6.9390537e-01   5.4245157e-01   4.1710670e-01  -5.8919567e-01   7.0741050e-01   3.9049568e-01  -1.0654913e+00  -6.5468072e-01  -1.3466158e-01  -7.4385983e-01   1.0925848e+00
  -4.7359578e-01  -6.9390718e-01   5.4246462e-01   4.1711491e-01  -5.8919214e-01   7.0740732e-01   3.9050677e-01  -1.0654879e+00  -6.5469665e-01  -1.3466899e-01  -7.4384445e-01   1.0925835e+00
  -4.7357723e-01  -6.9391814e-01   5.4246681e-01   4.1712323e-01  -5.8919358e-01   7.0739638e-01   3.9052437e-01  -1.0654830e+00  -6.5470874e-01  -1.3466991e-01  -7.4383361e-01   1.0925813e+00
  -4.7354029e-01  -6.9394284e-01   5.4246740e-01   4.1713788e-01  -5.8921418e-01   7.0736888e-01   3.9054312e-01  -1.0654787e+00  -6.5471690e-01  -1.3468702e-01  -7.4382335e-01   1.0925859e+00
  -4.7351631e-01  -6.9395355e-01   5.4247468e-01   4.1714966e-01  -5.8920272e-01   7.0736000e-01   3.9057649e-01  -1.0654716e+00  -6.5474456e-01  -1.3467863e-01  -7.4380053e-01   1.0925772e+00
  -4.7349524e-01  -6.9397016e-01   5.4247179e-01   4.1715819e-01  -5.8920989e-01   7.0734341e-01   3.9059573e-01  -1.0654677e+00  -6.5475340e-01  -1.3467998e-01  -7.4379252e-01   1.0925750e+00
  -4.7346864e-01  -6.9398893e-01   5.4247103e-01   4.1717201e-01  -5.8921961e-01   7.0732397e-01   3.9061627e-01  -1.0654620e+00  -6.5476385e-01  -1.3468540e-01  -7.4378232e-01   1.0925762e+00
  -4.7344855e-01  -6.9400040e-01   5.4247386e-01   4.1718077e-01  -5.8922279e-01   7.0731210e-01   3.9063301e-01  -1.0654583e+00  -6.5477554e-01  -1.3468879e-01  -7.4377145e-01   1.0925747e+00
  -4.7342774e-01  -6.9400722e-01   5.4248332e-01   4.1719078e-01  -5.8922694e-01   7.0730325e-01   3.9064274e-01  -1.0654562e+00  -6.5478686e-01  -1.3470013e-01  -7.4375939e-01   1.0925744e+00
  -4.7340679e-01  -6.9402077e-01   5.4248429e-01   4.1719711e-01  -5.8922174e-01   7.0729143e-01   3.9067193e-01  -1.0654514e+00  -6.5480668e-01  -1.3469220e-01  -7.4374340e-01   1.0925686e+00
  -4.7338510e-01  -6.9403266e-01   5.4248797e-01   4.1720907e-01  -5.8922908e-01   7.0727814e-01   3.9068494e-01  -1.0654465e+00  -6.5481573e-01  -1.3470068e-01  -7.4373390e-01   1.0925697e+00
  -4.7336382e-01  -6.9404686e-01   5.4248842e-01   4.1721594e-01  -5.8922936e-01   7.0726473e-01   3.9070882e-01  -1.0654435e+00  -6.5483086e-01  -1.3469814e-01  -7.4372104e-01   1.0925653e+00
  -4.7333082e-01  -6.9406099e-01   5.4249908e-01   4.1722902e-01  -5.8923623e-01   7.0724823e-01   3.9072833e-01  -1.0654385e+00  -6.5484853e-01  -1.3471179e-01  -7.4370300e-01   1.0925660e+00
  -4.7332019e-01  -6.9406599e-01   5.4250198e-01   4.1723576e-01  -5.8923261e-01   7.0724384e-01   3.9074175e-01  -1.0654353e+00  -6.5485942e-01  -1.3470931e-01  -7.4369383e-01   1.0925621e+00
  -4.7329261e-01  -6.9408670e-01   5.4249956e-01   4.1724874e-01  -5.8924644e-01   7.0722196e-01   3.9076048e-01  -1.0654302e+00  -6.5486695e-01  -1.3471734e-01  -7.4368578e-01   1.0925636e+00
  -4.7323365e-01  -6.9411688e-01   5.4251235e-01   4.1727317e-01  -5.8925514e-01   7.0718968e-01   3.9080575e-01  -1.0654197e+00  -6.5490177e-01  -1.3473120e-01  -7.4365259e-01   1.0925621e+00
  -4.7321884e-01  -6.9413194e-01   5.4250604e-01   4.1728161e-01  -5.8926172e-01   7.0717526e-01   3.9082185e-01  -1.0654178e+00  -6.5490655e-01  -1.3472919e-01  -7.4364875e-01   1.0925590e+00
  -4.7319852e-01  -6.9413713e-01   5.4251713e-01   4.1728860e-01  -5.8925176e-01   7.0717062e-01   3.9084535e-01  -1.0654131e+00  -6.5493015e-01  -1.3472715e-01  -7.4362830e-01   1.0925532e+00
  -4.7317437e-01  -6.9415296e-01   5.4251790e-01   4.1730183e-01  -5.8926640e-01   7.0715260e-01   3.9085587e-01  -1.0654097e+00  -6.5493440e-01  -1.3474002e-01  -7.4362221e-01   1.0925557e+00
  -4.7314565e-01  -6.9417473e-01   5.4251511e-01   4.1731396e-01  -5.8927084e-01   7.0713175e-01   3.9088686e-01  -1.0654026e+00  -6.5495115e-01  -1.3473735e-01  -7.4360798e-01   1.0925524e+00
  -4.7312315e-01  -6.9418103e-01   5.4252669e-01   4.1732235e-01  -5.8926579e-01   7.0712493e-01   3.9090685e-01  -1.0653993e+00  -6.5497201e-01  -1.3474074e-01  -7.4358899e-01   1.0925482e+00
  -4.7309663e-01  -6.9419988e-01   5.4252571e-01   4.1733583e-01  -5.8927584e-01   7.0710536e-01   3.9092714e-01  -1.0653934e+00  -6.5498209e-01  -1.3474639e-01  -7.4357910e-01   1.0925484e+00
  -4.7307284e-01  -6.9421166e-01   5.4253131e-01   4.1734692e-01  -5.8928301e-01   7.0709184e-01   3.9094073e-01  -1.0653908e+00  -6.5499279e-01  -1.3475647e-01  -7.4356784e-01   1.0925479e+00
  -4.7304355e-01  -6.9423442e-01   5.4252778e-01   4.1735936e-01  -5.8928816e-01   7.0707003e-01   3.9097238e-01  -1.0653839e+00  -6.5500933e-01  -1.3475364e-01  -7.4355374e-01   1.0925449e+00
  -4.7302103e-01  -6.9424322e-01   5.4253614e-01   4.1736937e-01  -5.8929083e-01   7.0705979e-01   3.9098695e-01  -1.0653811e+00  -6.5502328e-01  -1.3476195e-01  -7.4354002e-01   1.0925438e+00
  -4.7299172e-01  -6.9425859e-01   5.4254198e-01   4.1738204e-01  -5.8929264e-01   7.0704403e-01   3.9101272e-01  -1.0653753e+00  -6.5504276e-01  -1.3476563e-01  -7.4352214e-01   1.0925409e+00
  -4.7292609e-01  -6.9429428e-01   5.4255355e-01   4.1740909e-01  -5.8930649e-01   7.0700571e-01   3.9106116e-01  -1.0653645e+00  -6.5507771e-01  -1.3478274e-01  -7.4348831e-01   1.0925396e+00
  -4.7291141e-01  -6.9430721e-01   5.4254978e-01   4.1741798e-01  -5.8930586e-01   7.0699437e-01   3.9108257e-01  -1.0653594e+00  -6.5508881e-01  -1.3477579e-01  -7.4347973e-01   1.0925342e+00
  -4.7288334e-01  -6.9432261e-01   5.4255455e-01   4.1742968e-01  -5.8930645e-01   7.0697891e-01   3.9110957e-01  -1.0653537e+00  -6.5510860e-01  -1.3477715e-01  -7.4346205e-01   1.0925317e+00
  -4.7285860e-01  -6.9433736e-01   5.4255725e-01   4.1744079e-01  -5.8931092e-01   7.0696374e-01   3.9113032e-01  -1.0653490e+00  -6.5512240e-01  -1.3478101e-01  -7.4344921e-01   1.0925299e+00
  -4.7283260e-01  -6.9435303e-01   5.4255984e-01   4.1745305e-01  -5.8932061e-01   7.0694654e-01   3.9114672e-01  -1.0653456e+00  -6.5513246e-01  -1.3479018e-01  -7.4343870e-01   1.0925291e+00
  -4.7280529e-01  -6.9437156e-01   5.4255994e-01   4.1746461e-01  -5.8932622e-01   7.0692800e-01   3.9117179e-01  -1.0653411e+00  -6.5514710e-01  -1.3479212e-01  -7.4342541e-01   1.0925263e+00
  -4.7277633e-01  -6.9438444e-01   5.4256865e-01   4.1747758e-01  -5.8932631e-01   7.0691438e-01   3.9119628e-01  -1.0653353e+00  -6.5516793e-01  -1.3479706e-01  -7.4340616e-01   1.0925239e+00
  -4.7274895e-01  -6.9440703e-01   5.4256361e-01   4.1748932e-01  -5.8933226e-01   7.0689287e-01   3.9122628e-01  -1.0653287e+00  -6.5518235e-01  -1.3479384e-01  -7.4339405e-01   1.0925207e+00
  -4.7268996e-01  -6.9443594e-01   5.4257807e-01   4.1751599e-01  -5.8933752e-01   7.0686217e-01   3.9127378e-01  -1.0653175e+00  -6.5522024e-01  -1.3480582e-01  -7.4335849e-01   1.0925162e+00
  -4.7264607e-01  -6.9445755e-01   5.4258861e-01   4.1753339e-01  -5.8934612e-01   7.0683827e-01   3.9130399e-01  -1.0653106e+00  -6.5524416e-01  -1.3481962e-01  -7.4333495e-01   1.0925161e+00
  -4.7263606e-01  -6.9446491e-01   5.4258794e-01   4.1753818e-01  -5.8933996e-01   7.0683276e-01   3.9132320e-01  -1.0653081e+00  -6.5525687e-01  -1.3481075e-01  -7.4332528e-01   1.0925087e+00
  -4.7260171e-01  -6.9449309e-01   5.4258175e-01   4.1755499e-01  -5.8935625e-01   7.0680399e-01   3.9135062e-01  -1.0653012e+00  -6.5526699e-01  -1.3481638e-01  -7.4331535e-01   1.0925092e+00
  -4.7257086e-01  -6.9450480e-01   5.4259363e-01   4.1756839e-01  -5.8935463e-01   7.0679132e-01   3.9137600e-01  -1.0652955e+00  -6.5529070e-01  -1.3482260e-01  -7.4329333e-01   1.0925062e+00
  -4.7253682e-01  -6.9453021e-01   5.4259082e-01   4.1758301e-01  -5.8936448e-01   7.0676589e-01   3.9140702e-01  -1.0652894e+00  -6.5530642e-01  -1.3482491e-01  -7.4327905e-01   1.0925038e+00
  -4.7250513e-01  -6.9454924e-01   5.4259399e-01   4.1759769e-01  -5.8937105e-01   7.0674611e-01   3.9143293e-01  -1.0652832e+00  -6.5532337e-01  -1.3483055e-01  -7.4326310e-01   1.0925015e+00
  -4.7247372e-01  -6.9455856e-01   5.4260943e-01   4.1761032e-01  -5.8936863e-01   7.0673523e-01   3.9145616e-01  -1.0652795e+00  -6.5534819e-01  -1.3483960e-01  -7.4323957e-01   1.0924971e+00
  -4.7243953e-01  -6.9458712e-01   5.4260264e-01   4.1762654e-01  -5.8938002e-01   7.0670719e-01   3.9148961e-01  -1.0652711e+00  -6.5536257e-01  -1.3483940e-01  -7.4322691e-01   1.0924958e+00
  -4.7237712e-01  -6.9462029e-01   5.4261450e-01   4.1765479e-01  -5.8938389e-01   7.0667318e-01   3.9154514e-01  -1.0652576e+00  -6.5540407e-01  -1.3484669e-01  -7.4318898e-01   1.0924897e+00
  -4.7234377e-01  -6.9463922e-01   5.4261935e-01   4.1766959e-01  -5.8939118e-01   7.0665312e-01   3.9157042e-01  -1.0652526e+00  -6.5542151e-01  -1.3485461e-01  -7.4317216e-01   1.0924879e+00
  -4.7231247e-01  -6.9465940e-01   5.4262072e-01   4.1768129e-01  -5.8938873e-01   7.0663439e-01   3.9160791e-01  -1.0652459e+00  -6.5544626e-01  -1.3484867e-01  -7.4315142e-01   1.0924809e+00
  -4.7227775e-01  -6.9468226e-01   5.4262165e-01   4.1769901e-01  -5.8940538e-01   7.0660932e-01   3.9162813e-01  -1.0652406e+00  -6.5545633e-01  -1.3486230e-01  -7.4314004e-01   1.0924822e+00
  -4.7224179e-01  -6.9469987e-01   5.4263042e-01   4.1771189e-01  -5.8939828e-01   7.0659277e-01   3.9166871e-01  -1.0652334e+00  -6.5548861e-01  -1.3485853e-01  -7.4311226e-01   1.0924751e+00
  -4.7220807e-01  -6.9472309e-01   5.4263002e-01   4.1772915e-01  -5.8941111e-01   7.0656831e-01   3.9169347e-01  -1.0652262e+00  -6.5550139e-01  -1.3486679e-01  -7.4309951e-01   1.0924750e+00
  -4.7217144e-01  -6.9474486e-01   5.4263407e-01   4.1774552e-01  -5.8941680e-01   7.0654600e-01   3.9172518e-01  -1.0652190e+00  -6.5552272e-01  -1.3487158e-01  -7.4307984e-01   1.0924721e+00
  -4.7213995e-01  -6.9475522e-01   5.4264821e-01   4.1775828e-01  -5.8941123e-01   7.0653499e-01   3.9175337e-01  -1.0652135e+00  -6.5555034e-01  -1.3487591e-01  -7.4305468e-01   1.0924662e+00
  -4.7210533e-01  -6.9478000e-01   5.4264662e-01   4.1777334e-01  -5.8942000e-01   7.0651016e-01   3.9178498e-01  -1.0652072e+00  -6.5556740e-01  -1.3487839e-01  -7.4303917e-01   1.0924634e+00
  -4.7203368e-01  -6.9482205e-01   5.4265507e-01   4.1780550e-01  -5.8943128e-01   7.0646682e-01   3.9184618e-01  -1.0651936e+00  -6.5560887e-01  -1.3488868e-01  -7.4300072e-01   1.0924573e+00
  -4.7199329e-01  -6.9484123e-01   5.4266564e-01   4.1782342e-01  -5.8943409e-01   7.0644640e-01   3.9187878e-01  -1.0651861e+00  -6.5563544e-01  -1.3489687e-01  -7.4297577e-01   1.0924547e+00
  -4.7196179e-01  -6.9486026e-01   5.4266865e-01   4.1783729e-01  -5.8943470e-01   7.0642781e-01   3.9191130e-01  -1.0651786e+00  -6.5565757e-01  -1.3489598e-01  -7.4295644e-01   1.0924501e+00
  -4.7192079e-01  -6.9488871e-01   5.4266793e-01   4.1785506e-01  -5.8944388e-01   7.0639930e-01   3.9194888e-01  -1.0651708e+00  -6.5567878e-01  -1.3489889e-01  -7.4293716e-01   1.0924468e+00
  -4.7188323e-01  -6.9491465e-01   5.4266734e-01   4.1787387e-01  -5.8945704e-01   7.0637227e-01   3.9197779e-01  -1.0651629e+00  -6.5569400e-01  -1.3490674e-01  -7.4292231e-01   1.0924465e+00
  -4.7184628e-01  -6.9493149e-01   5.4267788e-01   4.1788775e-01  -5.8945730e-01   7.0635461e-01   3.9200935e-01  -1.0651587e+00  -6.5572035e-01  -1.3491272e-01  -7.4289797e-01   1.0924420e+00
  -4.7181077e-01  -6.9495289e-01   5.4268133e-01   4.1790382e-01  -5.8946051e-01   7.0633315e-01   3.9204308e-01  -1.0651502e+00  -6.5574300e-01  -1.3491447e-01  -7.4287763e-01   1.0924378e+00
  -4.7177074e-01  -6.9497195e-01   5.4269175e-01   4.1792150e-01  -5.8946134e-01   7.0631330e-01   3.9207765e-01  -1.0651424e+00  -6.5577107e-01  -1.3492048e-01  -7.4285177e-01   1.0924341e+00
  -4.7172404e-01  -6.9499620e-01   5.4270131e-01   4.1794061e-01  -5.8946808e-01   7.0628745e-01   3.9211408e-01  -1.0651330e+00  -6.5579861e-01  -1.3493088e-01  -7.4282562e-01   1.0924323e+00
  -4.7167887e-01  -6.9502631e-01   5.4270199e-01   4.1796063e-01  -5.8948179e-01   7.0625615e-01   3.9214983e-01  -1.0651260e+00  -6.5581876e-01  -1.3493953e-01  -7.4280622e-01   1.0924299e+00
  -4.7161505e-01  -6.9506774e-01   5.4270441e-01   4.1798981e-01  -5.8949008e-01   7.0621502e-01   3.9221141e-01  -1.0651140e+00  -6.5585720e-01  -1.3494145e-01  -7.4277190e-01   1.0924223e+00
  -4.7157407e-01  -6.9509052e-01   5.4271084e-01   4.1801043e-01  -5.8949992e-01   7.0619044e-01   3.9224089e-01  -1.0651051e+00  -6.5587782e-01  -1.3495280e-01  -7.4275165e-01   1.0924215e+00
  -4.7153617e-01  -6.9511297e-01   5.4271503e-01   4.1802521e-01  -5.8950046e-01   7.0616850e-01   3.9227960e-01  -1.0650983e+00  -6.5590459e-01  -1.3495213e-01  -7.4272816e-01   1.0924153e+00
  -4.7149566e-01  -6.9513609e-01   5.4272058e-01   4.1804494e-01  -5.8950659e-01   7.0614444e-01   3.9231366e-01  -1.0650887e+00  -6.5592820e-01  -1.3495860e-01  -7.4270612e-01   1.0924136e+00
  -4.7145212e-01  -6.9516556e-01   5.4272068e-01   4.1806402e-01  -5.8951907e-01   7.0611412e-01   3.9234953e-01  -1.0650820e+00  -6.5594828e-01  -1.3496560e-01  -7.4268708e-01   1.0924111e+00
  -4.7141780e-01  -6.9518560e-01   5.4272480e-01   4.1807962e-01  -5.8952510e-01   7.0609328e-01   3.9237796e-01  -1.0650754e+00  -6.5596753e-01  -1.3497136e-01  -7.4266906e-01   1.0924082e+00
  -4.7137499e-01  -6.9520840e-01   5.4273281e-01   4.1809564e-01  -5.8952593e-01   7.0607025e-01   3.9241811e-01  -1.0650686e+00  -6.5599758e-01  -1.3497438e-01  -7.4264199e-01   1.0924022e+00
  -4.7135219e-01  -6.9522075e-01   5.4273677e-01   4.1810868e-01  -5.8952332e-01   7.0605847e-01   3.9244322e-01  -1.0650630e+00  -6.5601627e-01  -1.3497243e-01  -7.4262580e-01   1.0923970e+00
  -4.7130334e-01  -6.9525364e-01   5.4273712e-01   4.1813059e-01  -5.8953988e-01   7.0602400e-01   3.9248036e-01  -1.0650522e+00  -6.5603654e-01  -1.3498327e-01  -7.4260598e-01   1.0923978e+00
  -4.7126377e-01  -6.9527235e-01   5.4274743e-01   4.1814613e-01  -5.8954067e-01   7.0600443e-01   3.9251440e-01  -1.0650470e+00  -6.5606422e-01  -1.3498929e-01  -7.4258044e-01   1.0923925e+00
  -4.7121816e-01  -6.9530398e-01   5.4274658e-01   4.1816796e-01  -5.8955509e-01   7.0597181e-01   3.9255139e-01  -1.0650379e+00  -6.5608401e-01  -1.3499708e-01  -7.4256145e-01   1.0923918e+00
  -4.7114174e-01  -6.9534906e-01   5.4275511e-01   4.1820177e-01  -5.8956414e-01   7.0592594e-01   3.9262027e-01  -1.0650223e+00  -6.5613073e-01  -1.3500459e-01  -7.4251882e-01   1.0923846e+00
  -4.7108734e-01  -6.9537541e-01   5.4276864e-01   4.1822372e-01  -5.8957724e-01   7.0589611e-01   3.9265426e-01  -1.0650144e+00  -6.5615809e-01  -1.3502497e-01  -7.4249097e-01   1.0923845e+00
  -4.7104822e-01  -6.9539960e-01   5.4277157e-01   4.1824023e-01  -5.8958009e-01   7.0587220e-01   3.9269299e-01  -1.0650057e+00  -6.5618357e-01  -1.3502540e-01  -7.4246836e-01   1.0923805e+00
  -4.7101840e-01  -6.9542070e-01   5.4277040e-01   4.1825652e-01  -5.8958540e-01   7.0585139e-01   3.9272243e-01  -1.0650001e+00  -6.5620023e-01  -1.3502545e-01  -7.4245364e-01   1.0923760e+00
  -4.7097556e-01  -6.9544473e-01   5.4277681e-01   4.1827507e-01  -5.8959157e-01   7.0582633e-01   3.9275816e-01  -1.0649927e+00  -6.5622546e-01  -1.3503256e-01  -7.4243004e-01   1.0923726e+00
  -4.7093199e-01  -6.9546988e-01   5.4278231e-01   4.1829464e-01  -5.8959902e-01   7.0580008e-01   3.9279411e-01  -1.0649844e+00  -6.5624999e-01  -1.3504003e-01  -7.4240698e-01   1.0923692e+00
  -4.7090520e-01  -6.9549047e-01   5.4277929e-01   4.1830805e-01  -5.8959980e-01   7.0578110e-01   3.9282711e-01  -1.0649770e+00  -6.5626853e-01  -1.3503366e-01  -7.4239176e-01   1.0923625e+00
  -4.7086002e-01  -6.9551656e-01   5.4278499e-01   4.1832863e-01  -5.8960537e-01   7.0575435e-01   3.9286681e-01  -1.0649683e+00  -6.5629589e-01  -1.3503911e-01  -7.4236661e-01   1.0923588e+00
  -4.7081479e-01  -6.9553736e-01   5.4279761e-01   4.1834877e-01  -5.8961040e-01   7.0573148e-01   3.9290026e-01  -1.0649612e+00  -6.5632385e-01  -1.3505125e-01  -7.4233966e-01   1.0923558e+00
  -4.7076981e-01  -6.9556932e-01   5.4279565e-01   4.1836904e-01  -5.8962219e-01   7.0569925e-01   3.9294049e-01  -1.0649526e+00  -6.5634551e-01  -1.3505525e-01  -7.4231976e-01   1.0923526e+00
  -4.7066591e-01  -6.9562551e-01   5.4281375e-01   4.1841287e-01  -5.8964020e-01   7.0563938e-01   3.9302102e-01  -1.0649359e+00  -6.5640388e-01  -1.3507863e-01  -7.4226389e-01   1.0923477e+00
  -4.7062526e-01  -6.9565033e-01   5.4281719e-01   4.1843100e-01  -5.8964076e-01   7.0561524e-01   3.9306354e-01  -1.0649252e+00  -6.5643255e-01  -1.3507692e-01  -7.4223887e-01   1.0923417e+00
  -4.7057998e-01  -6.9568043e-01   5.4281789e-01   4.1845089e-01  -5.8965249e-01   7.0558429e-01   3.9310149e-01  -1.0649180e+00  -6.5645445e-01  -1.3508365e-01  -7.4221827e-01   1.0923391e+00
  -4.7053179e-01  -6.9570850e-01   5.4282366e-01   4.1847426e-01  -5.8966404e-01   7.0555437e-01   3.9313779e-01  -1.0649080e+00  -6.5647858e-01  -1.3509514e-01  -7.4219484e-01   1.0923384e+00
  -4.7048120e-01  -6.9573389e-01   5.4283494e-01   4.1849455e-01  -5.8966433e-01   7.0552838e-01   3.9318403e-01  -1.0648993e+00  -6.5651461e-01  -1.3510010e-01  -7.4216208e-01   1.0923315e+00
  -4.7043661e-01  -6.9575567e-01   5.4284570e-01   4.1851480e-01  -5.8966812e-01   7.0550520e-01   3.9321995e-01  -1.0648907e+00  -6.5654311e-01  -1.3510917e-01  -7.4213519e-01   1.0923281e+00
  -4.7037492e-01  -6.9579934e-01   5.4284319e-01   4.1854133e-01  -5.8969271e-01   7.0545929e-01   3.9326543e-01  -1.0648797e+00  -6.5656526e-01  -1.3512389e-01  -7.4211295e-01   1.0923298e+00
  -4.7032738e-01  -6.9581961e-01   5.4285843e-01   4.1855989e-01  -5.8969068e-01   7.0543794e-01   3.9330679e-01  -1.0648718e+00  -6.5660116e-01  -1.3513101e-01  -7.4207986e-01   1.0923231e+00
  -4.7029159e-01  -6.9584811e-01   5.4285287e-01   4.1858023e-01  -5.8969871e-01   7.0541033e-01   3.9334426e-01  -1.0648619e+00  -6.5661953e-01  -1.3512852e-01  -7.4206406e-01   1.0923192e+00
  -4.7024106e-01  -6.9586832e-01   5.4287073e-01   4.1859995e-01  -5.8969828e-01   7.0538820e-01   3.9338457e-01  -1.0648545e+00  -6.5665615e-01  -1.3513976e-01  -7.4202964e-01   1.0923133e+00
  -4.7019258e-01  -6.9590009e-01   5.4287198e-01   4.1862401e-01  -5.8971188e-01   7.0535521e-01   3.9342341e-01  -1.0648443e+00  -6.5667864e-01  -1.3514868e-01  -7.4200810e-01   1.0923124e+00
  -4.7014042e-01  -6.9592595e-01   5.4288406e-01   4.1864476e-01  -5.8971289e-01   7.0532846e-01   3.9346983e-01  -1.0648359e+00  -6.5671506e-01  -1.3515507e-01  -7.4197469e-01   1.0923059e+00
  -4.7004214e-01  -6.9598548e-01   5.4289282e-01   4.1868987e-01  -5.8973778e-01   7.0526549e-01   3.9354530e-01  -1.0648182e+00  -6.5676306e-01  -1.3517690e-01  -7.4192825e-01   1.0923027e+00
  -4.6999246e-01  -6.9601171e-01   5.4290222e-01   4.1870964e-01  -5.8973225e-01   7.0524020e-01   3.9359893e-01  -1.0648068e+00  -6.5680364e-01  -1.3517379e-01  -7.4189284e-01   1.0922936e+00
  -4.6993525e-01  -6.9605164e-01   5.4290051e-01   4.1873586e-01  -5.8975349e-01   7.0519834e-01   3.9364213e-01  -1.0647975e+00  -6.5682543e-01  -1.3518661e-01  -7.4187125e-01   1.0922935e+00
  -4.6988173e-01  -6.9607917e-01   5.4291154e-01   4.1875790e-01  -5.8975496e-01   7.0517009e-01   3.9369055e-01  -1.0647878e+00  -6.5686245e-01  -1.3519220e-01  -7.4183744e-01   1.0922865e+00
  -4.6983204e-01  -6.9610690e-01   5.4291899e-01   4.1878201e-01  -5.8976649e-01   7.0514018e-01   3.9372679e-01  -1.0647777e+00  -6.5688759e-01  -1.3520536e-01  -7.4181276e-01   1.0922858e+00
  -4.6977266e-01  -6.9613639e-01   5.4293255e-01   4.1880600e-01  -5.8977096e-01   7.0510904e-01   3.9377597e-01  -1.0647691e+00  -6.5692607e-01  -1.3521605e-01  -7.4177675e-01   1.0922797e+00
  -4.6972090e-01  -6.9617514e-01   5.4292770e-01   4.1883038e-01  -5.8978686e-01   7.0506993e-01   3.9382213e-01  -1.0647572e+00  -6.5694886e-01  -1.3522052e-01  -7.4175576e-01   1.0922777e+00
  -4.6968148e-01  -6.9619796e-01   5.4293252e-01   4.1884816e-01  -5.8978470e-01   7.0504791e-01   3.9386474e-01  -1.0647496e+00  -6.5697891e-01  -1.3521770e-01  -7.4172968e-01   1.0922684e+00
  -4.6962287e-01  -6.9623548e-01   5.4293510e-01   4.1887553e-01  -5.8980007e-01   7.0500880e-01   3.9391176e-01  -1.0647380e+00  -6.5700700e-01  -1.3522857e-01  -7.4170280e-01   1.0922670e+00
  -4.6955322e-01  -6.9626667e-01   5.4295532e-01   4.1890440e-01  -5.8980885e-01   7.0497396e-01   3.9396098e-01  -1.0647255e+00  -6.5704896e-01  -1.3524961e-01  -7.4166180e-01   1.0922651e+00
  -4.6950803e-01  -6.9629255e-01   5.4296125e-01   4.1892379e-01  -5.8980593e-01   7.0494899e-01   3.9400997e-01  -1.0647171e+00  -6.5708389e-01  -1.3524630e-01  -7.4163147e-01   1.0922557e+00
  -4.6939404e-01  -6.9636327e-01   5.4296908e-01   4.1897353e-01  -5.8982410e-01   7.0487692e-01   3.9411172e-01  -1.0646948e+00  -6.5714895e-01  -1.3525795e-01  -7.4157166e-01   1.0922461e+00
  -4.6933979e-01  -6.9639424e-01   5.4297624e-01   4.1899758e-01  -5.8983454e-01   7.0484419e-01   3.9415469e-01  -1.0646860e+00  -6.5717837e-01  -1.3526909e-01  -7.4154360e-01   1.0922428e+00
  -4.6927815e-01  -6.9643375e-01   5.4297885e-01   4.1902724e-01  -5.8985209e-01   7.0480264e-01   3.9420263e-01  -1.0646735e+00  -6.5720660e-01  -1.3528197e-01  -7.4151620e-01   1.0922408e+00
  -4.6921934e-01  -6.9645941e-01   5.4299681e-01   4.1905140e-01  -5.8984974e-01   7.0477575e-01   3.9425424e-01  -1.0646632e+00  -6.5725068e-01  -1.3529018e-01  -7.4147563e-01   1.0922332e+00
  -4.6916116e-01  -6.9649764e-01   5.4299798e-01   4.1907640e-01  -5.8986102e-01   7.0473694e-01   3.9430671e-01  -1.0646526e+00  -6.5728212e-01  -1.3529534e-01  -7.4144684e-01   1.0922287e+00
  -4.6910003e-01  -6.9653282e-01   5.4300570e-01   4.1910334e-01  -5.8986992e-01   7.0470046e-01   3.9435869e-01  -1.0646415e+00  -6.5731780e-01  -1.3530448e-01  -7.4141354e-01   1.0922237e+00
  -4.6903968e-01  -6.9656372e-01   5.4301821e-01   4.1913085e-01  -5.8987627e-01   7.0466766e-01   3.9440776e-01  -1.0646295e+00  -6.5735515e-01  -1.3531608e-01  -7.4137829e-01   1.0922188e+00
  -4.6899014e-01  -6.9660141e-01   5.4301266e-01   4.1915443e-01  -5.8988468e-01   7.0463114e-01   3.9446035e-01  -1.0646195e+00  -6.5738292e-01  -1.3531225e-01  -7.4135432e-01   1.0922112e+00
  -4.6891509e-01  -6.9663589e-01   5.4303321e-01   4.1918545e-01  -5.8989378e-01   7.0459304e-01   3.9451489e-01  -1.0646064e+00  -6.5742830e-01  -1.3533333e-01  -7.4131030e-01   1.0922090e+00
  -4.6885247e-01  -6.9667704e-01   5.4303450e-01   4.1921336e-01  -5.8990732e-01   7.0455101e-01   3.9456972e-01  -1.0645945e+00  -6.5746081e-01  -1.3534041e-01  -7.4128018e-01   1.0922038e+00
  -4.6877856e-01  -6.9671627e-01   5.4304795e-01   4.1924460e-01  -5.8991737e-01   7.0450935e-01   3.9462905e-01  -1.0645809e+00  -6.5750451e-01  -1.3535517e-01  -7.4123867e-01   1.0922006e+00
  -4.6865800e-01  -6.9679004e-01   5.4305737e-01   4.1929971e-01  -5.8994541e-01   7.0443194e-01   3.9472532e-01  -1.0645581e+00  -6.5756525e-01  -1.3537842e-01  -7.4118057e-01   1.0921943e+00
  -4.6858368e-01  -6.9682094e-01   5.4308184e-01   4.1932858e-01  -5.8994575e-01   7.0439825e-01   3.9478491e-01  -1.0645453e+00  -6.5761795e-01  -1.3539445e-01  -7.4113087e-01   1.0921884e+00
  -4.6852482e-01  -6.9685907e-01   5.4308371e-01   4.1935467e-01  -5.8995688e-01   7.0435947e-01   3.9483754e-01  -1.0645343e+00  -6.5764992e-01  -1.3540019e-01  -7.4110149e-01   1.0921840e+00
  -4.6846445e-01  -6.9688896e-01   5.4309750e-01   4.1938065e-01  -5.8996284e-01   7.0432746e-01   3.9488567e-01  -1.0645232e+00  -6.5768755e-01  -1.3541284e-01  -7.4106576e-01   1.0921793e+00
  -4.6840240e-01  -6.9692431e-01   5.4310564e-01   4.1940782e-01  -5.8997354e-01   7.0429024e-01   3.9493601e-01  -1.0645121e+00  -6.5772218e-01  -1.3542433e-01  -7.4103292e-01   1.0921755e+00
  -4.6833637e-01  -6.9696111e-01   5.4311534e-01   4.1943653e-01  -5.8998592e-01   7.0425105e-01   3.9498741e-01  -1.0645012e+00  -6.5775802e-01  -1.3543883e-01  -7.4099842e-01   1.0921720e+00
  -4.6828537e-01  -6.9699399e-01   5.4311708e-01   4.1946150e-01  -5.8998909e-01   7.0421884e-01   3.9504016e-01  -1.0644889e+00  -6.5779154e-01  -1.3543702e-01  -7.4096904e-01   1.0921643e+00
  -4.6821832e-01  -6.9703092e-01   5.4312748e-01   4.1948993e-01  -5.9000413e-01   7.0417883e-01   3.9508897e-01  -1.0644789e+00  -6.5782571e-01  -1.3545498e-01  -7.4093537e-01   1.0921616e+00
  -4.6816701e-01  -6.9706390e-01   5.4312942e-01   4.1951425e-01  -5.9000998e-01   7.0414595e-01   3.9513881e-01  -1.0644682e+00  -6.5785707e-01  -1.3545622e-01  -7.4090736e-01   1.0921546e+00
  -4.6810006e-01  -6.9710650e-01   5.4313244e-01   4.1954318e-01  -5.9002402e-01   7.0410201e-01   3.9519616e-01  -1.0644563e+00  -6.5789209e-01  -1.3546527e-01  -7.4087459e-01   1.0921501e+00
  -4.6797637e-01  -6.9717274e-01   5.4315404e-01   4.1959754e-01  -5.9003751e-01   7.0403251e-01   3.9529982e-01  -1.0644328e+00  -6.5796799e-01  -1.3548567e-01  -7.4080342e-01   1.0921403e+00
  -4.6792103e-01  -6.9721320e-01   5.4314975e-01   4.1962691e-01  -5.9005319e-01   7.0399153e-01   3.9534937e-01  -1.0644203e+00  -6.5799330e-01  -1.3549033e-01  -7.4078015e-01   1.0921354e+00
  -4.6786014e-01  -6.9724869e-01   5.4315665e-01   4.1965160e-01  -5.9006102e-01   7.0395499e-01   3.9540281e-01  -1.0644114e+00  -6.5802957e-01  -1.3549775e-01  -7.4074654e-01   1.0921288e+00
  -4.6779658e-01  -6.9728492e-01   5.4316490e-01   4.1968290e-01  -5.9007598e-01   7.0391599e-01   3.9544991e-01  -1.0643982e+00  -6.5806132e-01  -1.3551388e-01  -7.4071540e-01   1.0921265e+00
  -4.6771983e-01  -6.9732529e-01   5.4317916e-01   4.1971488e-01  -5.9008929e-01   7.0387235e-01   3.9550771e-01  -1.0643847e+00  -6.5810395e-01  -1.3553278e-01  -7.4067409e-01   1.0921238e+00
  -4.6765470e-01  -6.9736736e-01   5.4318125e-01   4.1974284e-01  -5.9010152e-01   7.0382947e-01   3.9556583e-01  -1.0643728e+00  -6.5813927e-01  -1.3553927e-01  -7.4064148e-01   1.0921189e+00
  -4.6758404e-01  -6.9740777e-01   5.4319017e-01   4.1977376e-01  -5.9011116e-01   7.0378744e-01   3.9562618e-01  -1.0643597e+00  -6.5818081e-01  -1.3554949e-01  -7.4060272e-01   1.0921131e+00
  -4.6752247e-01  -6.9743998e-01   5.4320182e-01   4.1980185e-01  -5.9011699e-01   7.0375354e-01   3.9567778e-01  -1.0643477e+00  -6.5821933e-01  -1.3555974e-01  -7.4056662e-01   1.0921078e+00
  -4.6745474e-01  -6.9747889e-01   5.4321012e-01   4.1983199e-01  -5.9012780e-01   7.0371277e-01   3.9573412e-01  -1.0643349e+00  -6.5825770e-01  -1.3557104e-01  -7.4053039e-01   1.0921027e+00
  -4.6738369e-01  -6.9751802e-01   5.4322104e-01   4.1986343e-01  -5.9014031e-01   7.0367100e-01   3.9578971e-01  -1.0643232e+00  -6.5829699e-01  -1.3558637e-01  -7.4049269e-01   1.0920983e+00
  -4.6731657e-01  -6.9755445e-01   5.4323199e-01   4.1989104e-01  -5.9014330e-01   7.0363381e-01   3.9585140e-01  -1.0643114e+00  -6.5834193e-01  -1.3559214e-01  -7.4045168e-01   1.0920899e+00
  -4.6718661e-01  -6.9763285e-01   5.4324307e-01   4.1995121e-01  -5.9016945e-01   7.0355178e-01   3.9595821e-01  -1.0642858e+00  -6.5841073e-01  -1.3561452e-01  -7.4038639e-01   1.0920820e+00
  -4.6711968e-01  -6.9766719e-01   5.4325657e-01   4.1998163e-01  -5.9017697e-01   7.0351516e-01   3.9601207e-01  -1.0642732e+00  -6.5845145e-01  -1.3562788e-01  -7.4034773e-01   1.0920766e+00
  -4.6703756e-01  -6.9772060e-01   5.4325857e-01   4.2001544e-01  -5.9019763e-01   7.0345963e-01   3.9607992e-01  -1.0642585e+00  -6.5849124e-01  -1.3564115e-01  -7.4030991e-01   1.0920736e+00
  -4.6697235e-01  -6.9774878e-01   5.4327839e-01   4.2004498e-01  -5.9019856e-01   7.0342907e-01   3.9613277e-01  -1.0642463e+00  -6.5853660e-01  -1.3565446e-01  -7.4026713e-01   1.0920685e+00
  -4.6690673e-01  -6.9778677e-01   5.4328603e-01   4.2007328e-01  -5.9020821e-01   7.0338954e-01   3.9618863e-01  -1.0642343e+00  -6.5857454e-01  -1.3566414e-01  -7.4023160e-01   1.0920628e+00
  -4.6682674e-01  -6.9782965e-01   5.4329974e-01   4.2010675e-01  -5.9022207e-01   7.0334341e-01   3.9624988e-01  -1.0642201e+00  -6.5861879e-01  -1.3568285e-01  -7.4018881e-01   1.0920601e+00
  -4.6675348e-01  -6.9787850e-01   5.4329992e-01   4.2014168e-01  -5.9024214e-01   7.0329261e-01   3.9631011e-01  -1.0642054e+00  -6.5865275e-01  -1.3569477e-01  -7.4015641e-01   1.0920571e+00
  -4.6669602e-01  -6.9791083e-01   5.4330774e-01   4.2016626e-01  -5.9024555e-01   7.0325970e-01   3.9636343e-01  -1.0641963e+00  -6.5869040e-01  -1.3569909e-01  -7.4012208e-01   1.0920479e+00
  -4.6662627e-01  -6.9795151e-01   5.4331539e-01   4.2019700e-01  -5.9025082e-01   7.0321843e-01   3.9642877e-01  -1.0641812e+00  -6.5873504e-01  -1.3570366e-01  -7.4008153e-01   1.0920417e+00
  -4.6655003e-01  -6.9798898e-01   5.4333270e-01   4.2023042e-01  -5.9026703e-01   7.0317634e-01   3.9647935e-01  -1.0641707e+00  -6.5877451e-01  -1.3572931e-01  -7.4004165e-01   1.0920389e+00
  -4.6649365e-01  -6.9803060e-01   5.4332765e-01   4.2025672e-01  -5.9027396e-01   7.0313603e-01   3.9654050e-01  -1.0641579e+00  -6.5880829e-01  -1.3572391e-01  -7.4001262e-01   1.0920302e+00
  -4.6637414e-01  -6.9810884e-01   5.4332978e-01   4.2031669e-01  -5.9029975e-01   7.0305565e-01   3.9664462e-01  -1.0641339e+00  -6.5886978e-01  -1.3573804e-01  -7.3995528e-01   1.0920181e+00
  -4.6630362e-01  -6.9814973e-01   5.4333776e-01   4.2034750e-01  -5.9030895e-01   7.0301329e-01   3.9670599e-01  -1.0641208e+00  -6.5891142e-01  -1.3574712e-01  -7.3991651e-01   1.0920124e+00
  -4.6623121e-01  -6.9819837e-01   5.4333736e-01   4.2037958e-01  -5.9032462e-01   7.0296369e-01   3.9677065e-01  -1.0641071e+00  -6.5894863e-01  -1.3575395e-01  -7.3988211e-01   1.0920067e+00
  -4.6616090e-01  -6.9823834e-01   5.4334635e-01   4.2041072e-01  -5.9033238e-01   7.0292224e-01   3.9683241e-01  -1.0640941e+00  -6.5899144e-01  -1.3576258e-01  -7.3984246e-01   1.0920001e+00
