  -3.7396321e-01  -2.5842237e-01   8.9075103e-01   3.7504527e-01  -3.1040859e-01   9.3991803e-01   1.4236801e-01  -1.0390467e+00  -8.7399429e-01  -2.2324881e-01  -4.3169656e-01   1.0630584e+00
  -3.7407767e-01  -2.5837523e-01   8.9071664e-01   3.7501470e-01  -3.1042351e-01   9.3992641e-01   1.4228003e-01  -1.0390731e+00  -8.7393999e-01  -2.2326802e-01  -4.3179653e-01   1.0630514e+00
  -3.7412339e-01  -2.5835874e-01   8.9070220e-01   3.7500374e-01  -3.1043297e-01   9.3992847e-01   1.4224564e-01  -1.0390848e+00  -8.7391705e-01  -2.2327833e-01  -4.3183763e-01   1.0630484e+00
  -3.7416043e-01  -2.5834419e-01   8.9069091e-01   3.7499515e-01  -3.1044876e-01   9.3992826e-01   1.4221250e-01  -1.0390974e+00  -8.7389559e-01  -2.2329600e-01  -4.3187189e-01   1.0630481e+00
  -3.7421127e-01  -2.5832597e-01   8.9067479e-01   3.7498121e-01  -3.1045260e-01   9.3993228e-01   1.4217766e-01  -1.0391082e+00  -8.7387249e-01  -2.2330021e-01  -4.3191654e-01   1.0630436e+00
  -3.7426292e-01  -2.5830821e-01   8.9065825e-01   3.7496877e-01  -3.1046372e-01   9.3993436e-01   1.4213946e-01  -1.0391205e+00  -8.7384638e-01  -2.2331196e-01  -4.3196325e-01   1.0630411e+00
  -3.7431084e-01  -2.5829035e-01   8.9064331e-01   3.7495624e-01  -3.1047167e-01   9.3993714e-01   1.4210377e-01  -1.0391324e+00  -8.7382303e-01  -2.2332095e-01  -4.3200583e-01   1.0630379e+00
  -3.7435891e-01  -2.5827303e-01   8.9062813e-01   3.7494356e-01  -3.1048134e-01   9.3993943e-01   1.4206777e-01  -1.0391448e+00  -8.7379904e-01  -2.2333149e-01  -4.3204900e-01   1.0630350e+00
  -3.7441337e-01  -2.5825944e-01   8.9060917e-01   3.7492926e-01  -3.1049516e-01   9.3994025e-01   1.4203188e-01  -1.0391581e+00  -8.7377078e-01  -2.2334362e-01  -4.3209980e-01   1.0630325e+00
  -3.7447351e-01  -2.5822581e-01   8.9059364e-01   3.7491455e-01  -3.1049728e-01   9.3994754e-01   1.4197911e-01  -1.0391711e+00  -8.7374424e-01  -2.2335190e-01  -4.3214919e-01   1.0630280e+00
  -3.7452313e-01  -2.5821539e-01   8.9057579e-01   3.7490224e-01  -3.1051138e-01   9.3994762e-01   1.4194778e-01  -1.0391836e+00  -8.7371798e-01  -2.2336364e-01  -4.3219622e-01   1.0630255e+00
  -3.7457597e-01  -2.5819505e-01   8.9055945e-01   3.7488799e-01  -3.1052024e-01   9.3995073e-01   1.4190766e-01  -1.0391962e+00  -8.7369217e-01  -2.2337393e-01  -4.3224305e-01   1.0630226e+00
  -3.7462573e-01  -2.5817718e-01   8.9054369e-01   3.7487530e-01  -3.1053015e-01   9.3995309e-01   1.4187047e-01  -1.0392086e+00  -8.7366734e-01  -2.2338474e-01  -4.3228773e-01   1.0630198e+00
  -3.7467742e-01  -2.5815814e-01   8.9052748e-01   3.7486131e-01  -3.1053765e-01   9.3995633e-01   1.4183270e-01  -1.0392212e+00  -8.7364250e-01  -2.2339320e-01  -4.3233354e-01   1.0630160e+00
  -3.7472950e-01  -2.5813959e-01   8.9051097e-01   3.7484798e-01  -3.1054703e-01   9.3995900e-01   1.4179443e-01  -1.0392338e+00  -8.7361684e-01  -2.2340336e-01  -4.3238012e-01   1.0630129e+00
  -3.7477960e-01  -2.5812395e-01   8.9049438e-01   3.7483665e-01  -3.1055821e-01   9.3996067e-01   1.4175886e-01  -1.0392458e+00  -8.7359135e-01  -2.2341443e-01  -4.3242591e-01   1.0630100e+00
  -3.7481604e-01  -2.5811014e-01   8.9048306e-01   3.7482759e-01  -3.1057032e-01   9.3996126e-01   1.4172843e-01  -1.0392570e+00  -8.7357142e-01  -2.2342793e-01  -4.3245920e-01   1.0630088e+00
  -3.7494225e-01  -2.5806687e-01   8.9044248e-01   3.7479364e-01  -3.1058172e-01   9.3997032e-01   1.4164306e-01  -1.0392827e+00  -8.7351319e-01  -2.2343959e-01  -4.3257075e-01   1.0629993e+00
  -3.7497485e-01  -2.5805269e-01   8.9043286e-01   3.7478637e-01  -3.1059473e-01   9.3997057e-01   1.4161286e-01  -1.0392950e+00  -8.7349460e-01  -2.2345489e-01  -4.3260042e-01   1.0629986e+00
  -3.7502760e-01  -2.5803516e-01   8.9041569e-01   3.7477331e-01  -3.1060605e-01   9.3997262e-01   1.4157449e-01  -1.0393070e+00  -8.7346791e-01  -2.2346657e-01  -4.3264830e-01   1.0629956e+00
  -3.7507554e-01  -2.5801927e-01   8.9040013e-01   3.7476077e-01  -3.1061744e-01   9.3997417e-01   1.4153912e-01  -1.0393198e+00  -8.7344327e-01  -2.2347835e-01  -4.3269192e-01   1.0629930e+00
  -3.7512717e-01  -2.5799923e-01   8.9038421e-01   3.7474756e-01  -3.1062711e-01   9.3997701e-01   1.4149923e-01  -1.0393328e+00  -8.7341765e-01  -2.2348970e-01  -4.3273776e-01   1.0629900e+00
  -3.7517920e-01  -2.5798000e-01   8.9036785e-01   3.7473395e-01  -3.1063538e-01   9.3998005e-01   1.4146077e-01  -1.0393454e+00  -8.7339235e-01  -2.2349901e-01  -4.3278398e-01   1.0629865e+00
  -3.7524888e-01  -2.5795730e-01   8.9034505e-01   3.7471639e-01  -3.1064013e-01   9.3998530e-01   1.4141563e-01  -1.0393579e+00  -8.7336073e-01  -2.2350326e-01  -4.3284563e-01   1.0629811e+00
  -3.7530091e-01  -2.5794060e-01   8.9032794e-01   3.7470305e-01  -3.1064821e-01   9.3998798e-01   1.4137995e-01  -1.0393695e+00  -8.7333554e-01  -2.2351117e-01  -4.3289241e-01   1.0629776e+00
  -3.7533725e-01  -2.5792482e-01   8.9031720e-01   3.7469410e-01  -3.1066283e-01   9.3998821e-01   1.4134620e-01  -1.0393821e+00  -8.7331468e-01  -2.2352837e-01  -4.3292558e-01   1.0629770e+00
  -3.7539084e-01  -2.5790079e-01   8.9030158e-01   3.7467792e-01  -3.1065941e-01   9.3999508e-01   1.4130807e-01  -1.0393939e+00  -8.7329287e-01  -2.2352721e-01  -4.3297011e-01   1.0629698e+00
  -3.7545976e-01  -2.5788195e-01   8.9027798e-01   3.7466154e-01  -3.1067420e-01   9.3999710e-01   1.4126218e-01  -1.0394080e+00  -8.7325795e-01  -2.2354054e-01  -4.3303365e-01   1.0629673e+00
  -3.7551541e-01  -2.5786010e-01   8.9026083e-01   3.7464673e-01  -3.1068718e-01   9.3999949e-01   1.4121763e-01  -1.0394228e+00  -8.7322943e-01  -2.2355563e-01  -4.3308337e-01   1.0629650e+00
  -3.7554659e-01  -2.5784209e-01   8.9025287e-01   3.7463997e-01  -3.1070180e-01   9.3999987e-01   1.4118297e-01  -1.0394353e+00  -8.7321084e-01  -2.2357479e-01  -4.3311105e-01   1.0629651e+00
  -3.7560463e-01  -2.5782720e-01   8.9023273e-01   3.7462522e-01  -3.1071714e-01   9.4000068e-01   1.4114390e-01  -1.0394494e+00  -8.7318041e-01  -2.2358866e-01  -4.3316520e-01   1.0629626e+00
  -3.7566807e-01  -2.5780602e-01   8.9021213e-01   3.7460923e-01  -3.1072416e-01   9.4000480e-01   1.4110095e-01  -1.0394633e+00  -8.7315065e-01  -2.2359567e-01  -4.3322160e-01   1.0629572e+00
  -3.7576125e-01  -2.5777230e-01   8.9018252e-01   3.7458555e-01  -3.1074489e-01   9.4000863e-01   1.4102983e-01  -1.0394875e+00  -8.7310315e-01  -2.2361851e-01  -4.3330547e-01   1.0629523e+00
  -3.7582629e-01  -2.5775017e-01   8.9016146e-01   3.7456863e-01  -3.1075548e-01   9.4001207e-01   1.4098362e-01  -1.0395025e+00  -8.7307139e-01  -2.2362961e-01  -4.3336378e-01   1.0629483e+00
  -3.7587997e-01  -2.5773026e-01   8.9014457e-01   3.7455554e-01  -3.1076521e-01   9.4001491e-01   1.4094326e-01  -1.0395158e+00  -8.7304485e-01  -2.2364060e-01  -4.3341161e-01   1.0629455e+00
  -3.7593544e-01  -2.5771829e-01   8.9012462e-01   3.7454109e-01  -3.1077697e-01   9.4001603e-01   1.4090974e-01  -1.0395282e+00  -8.7301674e-01  -2.2364963e-01  -4.3346351e-01   1.0629414e+00
  -3.7599415e-01  -2.5768831e-01   8.9010850e-01   3.7452502e-01  -3.1078385e-01   9.4002137e-01   1.4085878e-01  -1.0395425e+00  -8.7298898e-01  -2.2366165e-01  -4.3351320e-01   1.0629382e+00
  -3.7604837e-01  -2.5766855e-01   8.9009131e-01   3.7451130e-01  -3.1079696e-01   9.4002335e-01   1.4081674e-01  -1.0395571e+00  -8.7296096e-01  -2.2367617e-01  -4.3356209e-01   1.0629356e+00
  -3.7609714e-01  -2.5764494e-01   8.9007752e-01   3.7449932e-01  -3.1080483e-01   9.4002705e-01   1.4077470e-01  -1.0395700e+00  -8.7293718e-01  -2.2368784e-01  -4.3360404e-01   1.0629325e+00
  -3.7615386e-01  -2.5763027e-01   8.9005783e-01   3.7448452e-01  -3.1082118e-01   9.4002745e-01   1.4073574e-01  -1.0395848e+00  -8.7290691e-01  -2.2370291e-01  -4.3365718e-01   1.0629303e+00
  -3.7620666e-01  -2.5761006e-01   8.9004135e-01   3.7447139e-01  -3.1083457e-01   9.4002940e-01   1.4069344e-01  -1.0396000e+00  -8.7287939e-01  -2.2371822e-01  -4.3370468e-01   1.0629283e+00
  -3.7625697e-01  -2.5759586e-01   8.9002418e-01   3.7445914e-01  -3.1084644e-01   9.4003061e-01   1.4065893e-01  -1.0396122e+00  -8.7285349e-01  -2.2372932e-01  -4.3375105e-01   1.0629247e+00
  -3.7631013e-01  -2.5757513e-01   8.9000774e-01   3.7444556e-01  -3.1085764e-01   9.4003319e-01   1.4061707e-01  -1.0396261e+00  -8.7282658e-01  -2.2374246e-01  -4.3379847e-01   1.0629220e+00
  -3.7636339e-01  -2.5755013e-01   8.8999244e-01   3.7442977e-01  -3.1085555e-01   9.4003980e-01   1.4057732e-01  -1.0396391e+00  -8.7280436e-01  -2.2374335e-01  -4.3384266e-01   1.0629154e+00
  -3.7641774e-01  -2.5752672e-01   8.8997624e-01   3.7441731e-01  -3.1088054e-01   9.4003930e-01   1.4052544e-01  -1.0396553e+00  -8.7277203e-01  -2.2377241e-01  -4.3389275e-01   1.0629172e+00
  -3.7647202e-01  -2.5751667e-01   8.8995620e-01   3.7440504e-01  -3.1089342e-01   9.4003980e-01   1.4049372e-01  -1.0396674e+00  -8.7274403e-01  -2.2378196e-01  -4.3394415e-01   1.0629137e+00
  -3.7650790e-01  -2.5750252e-01   8.8994509e-01   3.7439563e-01  -3.1090893e-01   9.4003948e-01   1.4046134e-01  -1.0396806e+00  -8.7272301e-01  -2.2379946e-01  -4.3397739e-01   1.0629131e+00
  -3.7661420e-01  -2.5745637e-01   8.8991343e-01   3.7436834e-01  -3.1093053e-01   9.4004553e-01   1.4037304e-01  -1.0397090e+00  -8.7266945e-01  -2.2382713e-01  -4.3407082e-01   1.0629077e+00
  -3.7668209e-01  -2.5744018e-01   8.8988942e-01   3.7435111e-01  -3.1094342e-01   9.4004753e-01   1.4033114e-01  -1.0397241e+00  -8.7263556e-01  -2.2383741e-01  -4.3413366e-01   1.0629033e+00
  -3.7673556e-01  -2.5741439e-01   8.8987422e-01   3.7433546e-01  -3.1094627e-01   9.4005302e-01   1.4028798e-01  -1.0397393e+00  -8.7261141e-01  -2.2384400e-01  -4.3417870e-01   1.0628976e+00
  -3.7677635e-01  -2.5740646e-01   8.8985925e-01   3.7432824e-01  -3.1097333e-01   9.4004900e-01   1.4025507e-01  -1.0397515e+00  -8.7258415e-01  -2.2387011e-01  -4.3422003e-01   1.0629002e+00
  -3.7684102e-01  -2.5738217e-01   8.8983888e-01   3.7431085e-01  -3.1098272e-01   9.4005305e-01   1.4020721e-01  -1.0397671e+00  -8.7255291e-01  -2.2388107e-01  -4.3427721e-01   1.0628958e+00
  -3.7689705e-01  -2.5735995e-01   8.8982159e-01   3.7429602e-01  -3.1099772e-01   9.4005495e-01   1.4016108e-01  -1.0397829e+00  -8.7252334e-01  -2.2389859e-01  -4.3432754e-01   1.0628939e+00
  -3.7695122e-01  -2.5734069e-01   8.8980420e-01   3.7428213e-01  -3.1100759e-01   9.4005764e-01   1.4012114e-01  -1.0397960e+00  -8.7249641e-01  -2.2390945e-01  -4.3437601e-01   1.0628907e+00
  -3.7700152e-01  -2.5731529e-01   8.8979025e-01   3.7426975e-01  -3.1102069e-01   9.4006031e-01   1.4007417e-01  -1.0398115e+00  -8.7247005e-01  -2.2392741e-01  -4.3441976e-01   1.0628886e+00
  -3.7705853e-01  -2.5730242e-01   8.8976983e-01   3.7425550e-01  -3.1103546e-01   9.4006081e-01   1.4003775e-01  -1.0398255e+00  -8.7244014e-01  -2.2393994e-01  -4.3447337e-01   1.0628856e+00
  -3.7710869e-01  -2.5728513e-01   8.8975355e-01   3.7424367e-01  -3.1105181e-01   9.4006137e-01   1.3999776e-01  -1.0398407e+00  -8.7241265e-01  -2.2395746e-01  -4.3451955e-01   1.0628835e+00
  -3.7714982e-01  -2.5726828e-01   8.8974096e-01   3.7423304e-01  -3.1106728e-01   9.4006174e-01   1.3996106e-01  -1.0398543e+00  -8.7238936e-01  -2.2397539e-01  -4.3455709e-01   1.0628829e+00
  -3.7719947e-01  -2.5725090e-01   8.8972498e-01   3.7422145e-01  -3.1108545e-01   9.4006181e-01   1.3992018e-01  -1.0398702e+00  -8.7236139e-01  -2.2399508e-01  -4.3460304e-01   1.0628812e+00
  -3.7730960e-01  -2.5721128e-01   8.8968973e-01   3.7419338e-01  -3.1110916e-01   9.4006636e-01   1.3983662e-01  -1.0398984e+00  -8.7230534e-01  -2.2402130e-01  -4.3470204e-01   1.0628754e+00
  -3.7735827e-01  -2.5719477e-01   8.8967384e-01   3.7418187e-01  -3.1112365e-01   9.4006721e-01   1.3979874e-01  -1.0399126e+00  -8.7227911e-01  -2.2403671e-01  -4.3474673e-01   1.0628731e+00
  -3.7741223e-01  -2.5716583e-01   8.8965934e-01   3.7416723e-01  -3.1113448e-01   9.4007116e-01   1.3974815e-01  -1.0399279e+00  -8.7225189e-01  -2.2405341e-01  -4.3479271e-01   1.0628711e+00
  -3.7746649e-01  -2.5715363e-01   8.8963983e-01   3.7415377e-01  -3.1115095e-01   9.4007106e-01   1.3971229e-01  -1.0399422e+00  -8.7222257e-01  -2.2406794e-01  -4.3484411e-01   1.0628686e+00
  -3.7751551e-01  -2.5713698e-01   8.8962387e-01   3.7414174e-01  -3.1116556e-01   9.4007187e-01   1.3967412e-01  -1.0399569e+00  -8.7219610e-01  -2.2408354e-01  -4.3488906e-01   1.0628662e+00
  -3.7757280e-01  -2.5712121e-01   8.8960412e-01   3.7412972e-01  -3.1118806e-01   9.4007090e-01   1.3963065e-01  -1.0399715e+00  -8.7216330e-01  -2.2410582e-01  -4.3494346e-01   1.0628666e+00
  -3.7762628e-01  -2.5709561e-01   8.8958879e-01   3.7411418e-01  -3.1119764e-01   9.4007458e-01   1.3958434e-01  -1.0399886e+00  -8.7213671e-01  -2.2411962e-01  -4.3498962e-01   1.0628622e+00
  -3.7768609e-01  -2.5707306e-01   8.8956994e-01   3.7409829e-01  -3.1120888e-01   9.4007769e-01   1.3953865e-01  -1.0400033e+00  -8.7210681e-01  -2.2413264e-01  -4.3504284e-01   1.0628591e+00
  -3.7774085e-01  -2.5705056e-01   8.8955316e-01   3.7408577e-01  -3.1122790e-01   9.4007852e-01   1.3949048e-01  -1.0400185e+00  -8.7207630e-01  -2.2415489e-01  -4.3509256e-01   1.0628594e+00
  -3.7779932e-01  -2.5703198e-01   8.8953373e-01   3.7406953e-01  -3.1123564e-01   9.4008180e-01   1.3945110e-01  -1.0400335e+00  -8.7204821e-01  -2.2416245e-01  -4.3514499e-01   1.0628536e+00
  -3.7785498e-01  -2.5701770e-01   8.8951423e-01   3.7405772e-01  -3.1126241e-01   9.4007937e-01   1.3940753e-01  -1.0400498e+00  -8.7201448e-01  -2.2418888e-01  -4.3519886e-01   1.0628548e+00
  -3.7796603e-01  -2.5697799e-01   8.8947848e-01   3.7402986e-01  -3.1129089e-01   9.4008277e-01   1.3932120e-01  -1.0400797e+00  -8.7195626e-01  -2.2422023e-01  -4.3529944e-01   1.0628500e+00
  -3.7802019e-01  -2.5695811e-01   8.8946122e-01   3.7401634e-01  -3.1129951e-01   9.4008583e-01   1.3928116e-01  -1.0400931e+00  -8.7192970e-01  -2.2423012e-01  -4.3534753e-01   1.0628460e+00
  -3.7807797e-01  -2.5693616e-01   8.8944302e-01   3.7400130e-01  -3.1131976e-01   9.4008639e-01   1.3923213e-01  -1.0401111e+00  -8.7189738e-01  -2.2425296e-01  -4.3540049e-01   1.0628449e+00
  -3.7811865e-01  -2.5692134e-01   8.8942998e-01   3.7399168e-01  -3.1133007e-01   9.4008772e-01   1.3920026e-01  -1.0401225e+00  -8.7187607e-01  -2.2426448e-01  -4.3543719e-01   1.0628426e+00
  -3.7818716e-01  -2.5689676e-01   8.8940800e-01   3.7397395e-01  -3.1134240e-01   9.4009112e-01   1.3914952e-01  -1.0401390e+00  -8.7184195e-01  -2.2427825e-01  -4.3549840e-01   1.0628387e+00
  -3.7824549e-01  -2.5688182e-01   8.8938748e-01   3.7396217e-01  -3.1136747e-01   9.4008934e-01   1.3910531e-01  -1.0401540e+00  -8.7180766e-01  -2.2430275e-01  -4.3555435e-01   1.0628398e+00
  -3.7828090e-01  -2.5686397e-01   8.8937759e-01   3.7395173e-01  -3.1137559e-01   9.4009150e-01   1.3907278e-01  -1.0401681e+00  -8.7178947e-01  -2.2431425e-01  -4.3558502e-01   1.0628358e+00
  -3.7835266e-01  -2.5683746e-01   8.8935470e-01   3.7393198e-01  -3.1138485e-01   9.4009612e-01   1.3902060e-01  -1.0401844e+00  -8.7175499e-01  -2.2432513e-01  -4.3564833e-01   1.0628313e+00
  -3.7840550e-01  -2.5681926e-01   8.8933745e-01   3.7391992e-01  -3.1140210e-01   9.4009668e-01   1.3897838e-01  -1.0402000e+00  -8.7172589e-01  -2.2434376e-01  -4.3569699e-01   1.0628292e+00
  -3.7852072e-01  -2.5677503e-01   8.8930121e-01   3.7388969e-01  -3.1142936e-01   9.4010122e-01   1.3888663e-01  -1.0402314e+00  -8.7166609e-01  -2.2437544e-01  -4.3580024e-01   1.0628240e+00
  -3.7857682e-01  -2.5676019e-01   8.8928160e-01   3.7387827e-01  -3.1145874e-01   9.4009822e-01   1.3884098e-01  -1.0402482e+00  -8.7163125e-01  -2.2440494e-01  -4.3585474e-01   1.0628261e+00
  -3.7863472e-01  -2.5674045e-01   8.8926263e-01   3.7386314e-01  -3.1146398e-01   9.4010224e-01   1.3880174e-01  -1.0402600e+00  -8.7160420e-01  -2.2441050e-01  -4.3590594e-01   1.0628217e+00
  -3.7870208e-01  -2.5671621e-01   8.8924099e-01   3.7384552e-01  -3.1147867e-01   9.4010498e-01   1.3875043e-01  -1.0402777e+00  -8.7156975e-01  -2.2442686e-01  -4.3596652e-01   1.0628181e+00
  -3.7875990e-01  -2.5668957e-01   8.8922406e-01   3.7382903e-01  -3.1148403e-01   9.4011006e-01   1.3870383e-01  -1.0402936e+00  -8.7154266e-01  -2.2443600e-01  -4.3601589e-01   1.0628123e+00
  -3.7881727e-01  -2.5667374e-01   8.8920418e-01   3.7381695e-01  -3.1151144e-01   9.4010777e-01   1.3865777e-01  -1.0403104e+00  -8.7150794e-01  -2.2446368e-01  -4.3607103e-01   1.0628137e+00
  -3.7886242e-01  -2.5666549e-01   8.8918732e-01   3.7380563e-01  -3.1152744e-01   9.4010675e-01   1.3862875e-01  -1.0403224e+00  -8.7148261e-01  -2.2447739e-01  -4.3611466e-01   1.0628116e+00
  -3.7891711e-01  -2.5662928e-01   8.8917450e-01   3.7379152e-01  -3.1153721e-01   9.4011208e-01   1.3857067e-01  -1.0403396e+00  -8.7145536e-01  -2.2449649e-01  -4.3615927e-01   1.0628099e+00
  -3.7897193e-01  -2.5661864e-01   8.8915420e-01   3.7377856e-01  -3.1155308e-01   9.4011185e-01   1.3853653e-01  -1.0403537e+00  -8.7142579e-01  -2.2450963e-01  -4.3621152e-01   1.0628067e+00
  -3.7903506e-01  -2.5659436e-01   8.8913430e-01   3.7376174e-01  -3.1156671e-01   9.4011465e-01   1.3848684e-01  -1.0403701e+00  -8.7139346e-01  -2.2452565e-01  -4.3626784e-01   1.0628039e+00
  -3.7914405e-01  -2.5654645e-01   8.8910162e-01   3.7373401e-01  -3.1159559e-01   9.4011906e-01   1.3839205e-01  -1.0404021e+00  -8.7133574e-01  -2.2456199e-01  -4.3636447e-01   1.0627999e+00
  -3.7921192e-01  -2.5653221e-01   8.8907680e-01   3.7371738e-01  -3.1160695e-01   9.4012105e-01   1.3835281e-01  -1.0404164e+00  -8.7130215e-01  -2.2456983e-01  -4.3642751e-01   1.0627946e+00
  -3.7927150e-01  -2.5650908e-01   8.8905807e-01   3.7370151e-01  -3.1162090e-01   9.4012345e-01   1.3830513e-01  -1.0404323e+00  -8.7127121e-01  -2.2458626e-01  -4.3648078e-01   1.0627923e+00
  -3.7931245e-01  -2.5649329e-01   8.8904514e-01   3.7369096e-01  -3.1163695e-01   9.4012339e-01   1.3826921e-01  -1.0404464e+00  -8.7124765e-01  -2.2460444e-01  -4.3651850e-01   1.0627914e+00
  -3.7937013e-01  -2.5646673e-01   8.8902821e-01   3.7367451e-01  -3.1164255e-01   9.4012844e-01   1.3822260e-01  -1.0404623e+00  -8.7122056e-01  -2.2461385e-01  -4.3656771e-01   1.0627857e+00
  -3.7942349e-01  -2.5644052e-01   8.8901297e-01   3.7366097e-01  -3.1165849e-01   9.4013054e-01   1.3817233e-01  -1.0404793e+00  -8.7119159e-01  -2.2463499e-01  -4.3661465e-01   1.0627842e+00
  -3.7949842e-01  -2.5642141e-01   8.8898650e-01   3.7364150e-01  -3.1166538e-01   9.4013469e-01   1.3812826e-01  -1.0404933e+00  -8.7115648e-01  -2.2463923e-01  -4.3668245e-01   1.0627781e+00
  -3.7955656e-01  -2.5640049e-01   8.8896774e-01   3.7362667e-01  -3.1167851e-01   9.4013688e-01   1.3808368e-01  -1.0405085e+00  -8.7112649e-01  -2.2465391e-01  -4.3673481e-01   1.0627752e+00
  -3.7959896e-01  -2.5638415e-01   8.8895428e-01   3.7361621e-01  -3.1169545e-01   9.4013679e-01   1.3804636e-01  -1.0405228e+00  -8.7110194e-01  -2.2467312e-01  -4.3677388e-01   1.0627745e+00
  -3.7965189e-01  -2.5635722e-01   8.8893952e-01   3.7360208e-01  -3.1170636e-01   9.4014026e-01   1.3799794e-01  -1.0405382e+00  -8.7107496e-01  -2.2468926e-01  -4.3681936e-01   1.0627721e+00
  -3.7976512e-01  -2.5632914e-01   8.8889921e-01   3.7357614e-01  -3.1174569e-01   9.4013903e-01   1.3791761e-01  -1.0405673e+00  -8.7101150e-01  -2.2472658e-01  -4.3692668e-01   1.0627703e+00
  -3.7981843e-01  -2.5630464e-01   8.8888354e-01   3.7355997e-01  -3.1174851e-01   9.4014420e-01   1.3787577e-01  -1.0405822e+00  -8.7098727e-01  -2.2473272e-01  -4.3697182e-01   1.0627641e+00
  -3.7987817e-01  -2.5628333e-01   8.8886417e-01   3.7354488e-01  -3.1175883e-01   9.4014725e-01   1.3783174e-01  -1.0405960e+00  -8.7095753e-01  -2.2474435e-01  -4.3702512e-01   1.0627608e+00
  -3.7994284e-01  -2.5626202e-01   8.8884263e-01   3.7352921e-01  -3.1177326e-01   9.4014942e-01   1.3778432e-01  -1.0406127e+00  -8.7092417e-01  -2.2475955e-01  -4.3708384e-01   1.0627569e+00
  -3.7998737e-01  -2.5624459e-01   8.8882860e-01   3.7351766e-01  -3.1179307e-01   9.4014877e-01   1.3774378e-01  -1.0406285e+00  -8.7089765e-01  -2.2478205e-01  -4.3712506e-01   1.0627570e+00
  -3.8004307e-01  -2.5622496e-01   8.8881049e-01   3.7350374e-01  -3.1180064e-01   9.4015212e-01   1.3770400e-01  -1.0406411e+00  -8.7087063e-01  -2.2479058e-01  -4.3717455e-01   1.0627529e+00
  -3.8011550e-01  -2.5620355e-01   8.8878568e-01   3.7348644e-01  -3.1182394e-01   9.4015232e-01   1.3764989e-01  -1.0406590e+00  -8.7083067e-01  -2.2481415e-01  -4.3724199e-01   1.0627525e+00
  -3.8017164e-01  -2.5617733e-01   8.8876921e-01   3.7347041e-01  -3.1183052e-01   9.4015688e-01   1.3760351e-01  -1.0406752e+00  -8.7080378e-01  -2.2482476e-01  -4.3729002e-01   1.0627471e+00
  -3.8022889e-01  -2.5615692e-01   8.8875061e-01   3.7345549e-01  -3.1183984e-01   9.4015993e-01   1.3756162e-01  -1.0406887e+00  -8.7077544e-01  -2.2483529e-01  -4.3734106e-01   1.0627437e+00
  -3.8027213e-01  -2.5614696e-01   8.8873496e-01   3.7344704e-01  -3.1186629e-01   9.4015636e-01   1.3752597e-01  -1.0407030e+00  -8.7074711e-01  -2.2486153e-01  -4.3738402e-01   1.0627459e+00
  -3.8034834e-01  -2.5611499e-01   8.8871158e-01   3.7342432e-01  -3.1186814e-01   9.4016391e-01   1.3747040e-01  -1.0407196e+00  -8.7071314e-01  -2.2486655e-01  -4.3744896e-01   1.0627379e+00
  -3.8040399e-01  -2.5610176e-01   8.8869154e-01   3.7341127e-01  -3.1188330e-01   9.4016423e-01   1.3743357e-01  -1.0407346e+00  -8.7068340e-01  -2.2488012e-01  -4.3750125e-01   1.0627351e+00
  -3.8050713e-01  -2.5605272e-01   8.8866157e-01   3.7338240e-01  -3.1189535e-01   9.4017285e-01   1.3734748e-01  -1.0407627e+00  -8.7063404e-01  -2.2490008e-01  -4.3758922e-01   1.0627267e+00
  -3.8056760e-01  -2.5602747e-01   8.8864291e-01   3.7336883e-01  -3.1191451e-01   9.4017419e-01   1.3729460e-01  -1.0407782e+00  -8.7060075e-01  -2.2492309e-01  -4.3764360e-01   1.0627271e+00
  -3.8062567e-01  -2.5600709e-01   8.8862389e-01   3.7335408e-01  -3.1192640e-01   9.4017661e-01   1.3725119e-01  -1.0407929e+00  -8.7057110e-01  -2.2493629e-01  -4.3769584e-01   1.0627238e+00
  -3.8068236e-01  -2.5598764e-01   8.8860522e-01   3.7333780e-01  -3.1193848e-01   9.4017874e-01   1.3720902e-01  -1.0408105e+00  -8.7054196e-01  -2.2494945e-01  -4.3774700e-01   1.0627188e+00
  -3.8073845e-01  -2.5597578e-01   8.8858464e-01   3.7332520e-01  -3.1196039e-01   9.4017712e-01   1.3717010e-01  -1.0408238e+00  -8.7050958e-01  -2.2496960e-01  -4.3780105e-01   1.0627187e+00
  -3.8078556e-01  -2.5595128e-01   8.8857153e-01   3.7331177e-01  -3.1196316e-01   9.4018208e-01   1.3712990e-01  -1.0408375e+00  -8.7048798e-01  -2.2497683e-01  -4.3784023e-01   1.0627141e+00
  -3.8084510e-01  -2.5593458e-01   8.8855080e-01   3.7329853e-01  -3.1198558e-01   9.4018126e-01   1.3708471e-01  -1.0408529e+00  -8.7045391e-01  -2.2499935e-01  -4.3789641e-01   1.0627144e+00
  -3.8091512e-01  -2.5590959e-01   8.8852795e-01   3.7328059e-01  -3.1200032e-01   9.4018411e-01   1.3703170e-01  -1.0408708e+00  -8.7041801e-01  -2.2501591e-01  -4.3795931e-01   1.0627107e+00
  -3.8096881e-01  -2.5589346e-01   8.8850958e-01   3.7326788e-01  -3.1201514e-01   9.4018489e-01   1.3699248e-01  -1.0408856e+00  -8.7038917e-01  -2.2503094e-01  -4.3800888e-01   1.0627079e+00
  -3.8103254e-01  -2.5586815e-01   8.8848954e-01   3.7325043e-01  -3.1202783e-01   9.4018805e-01   1.3694188e-01  -1.0409012e+00  -8.7035673e-01  -2.2504650e-01  -4.3806534e-01   1.0627047e+00
  -3.8109460e-01  -2.5584555e-01   8.8846947e-01   3.7323415e-01  -3.1203801e-01   9.4019136e-01   1.3689583e-01  -1.0409164e+00  -8.7032589e-01  -2.2505831e-01  -4.3812053e-01   1.0627007e+00
  -3.8121433e-01  -2.5579789e-01   8.8843181e-01   3.7320208e-01  -3.1205608e-01   9.4019882e-01   1.3680356e-01  -1.0409481e+00  -8.7026699e-01  -2.2508144e-01  -4.3822564e-01   1.0626922e+00
  -3.8126211e-01  -2.5578490e-01   8.8841501e-01   3.7319201e-01  -3.1207970e-01   9.4019663e-01   1.3676481e-01  -1.0409621e+00  -8.7023759e-01  -2.2510539e-01  -4.3827175e-01   1.0626938e+00
  -3.8133288e-01  -2.5576033e-01   8.8839170e-01   3.7317374e-01  -3.1209596e-01   9.4019902e-01   1.3671128e-01  -1.0409800e+00  -8.7020075e-01  -2.2512333e-01  -4.3833566e-01   1.0626900e+00
  -3.8140694e-01  -2.5573459e-01   8.8836737e-01   3.7315473e-01  -3.1210308e-01   9.4020407e-01   1.3666015e-01  -1.0409960e+00  -8.7016575e-01  -2.2513139e-01  -4.3840104e-01   1.0626848e+00
  -3.8144893e-01  -2.5571789e-01   8.8835411e-01   3.7314454e-01  -3.1212408e-01   9.4020286e-01   1.3662041e-01  -1.0410119e+00  -8.7013982e-01  -2.2515533e-01  -4.3844019e-01   1.0626850e+00
  -3.8150839e-01  -2.5569681e-01   8.8833469e-01   3.7312910e-01  -3.1213966e-01   9.4020445e-01   1.3657397e-01  -1.0410278e+00  -8.7010814e-01  -2.2517273e-01  -4.3849404e-01   1.0626822e+00
  -3.8156912e-01  -2.5567443e-01   8.8831506e-01   3.7311370e-01  -3.1215137e-01   9.4020728e-01   1.3652773e-01  -1.0410435e+00  -8.7007731e-01  -2.2518634e-01  -4.3854831e-01   1.0626792e+00
  -3.8162836e-01  -2.5565333e-01   8.8829566e-01   3.7309876e-01  -3.1216599e-01   9.4020906e-01   1.3648180e-01  -1.0410596e+00  -8.7004609e-01  -2.2520270e-01  -4.3860181e-01   1.0626764e+00
  -3.8168871e-01  -2.5562687e-01   8.8827735e-01   3.7308277e-01  -3.1217457e-01   9.4021333e-01   1.3643295e-01  -1.0410738e+00  -8.7001655e-01  -2.2521503e-01  -4.3865408e-01   1.0626725e+00
  -3.8175008e-01  -2.5561333e-01   8.8825487e-01   3.7306745e-01  -3.1218959e-01   9.4021393e-01   1.3639419e-01  -1.0410883e+00  -8.6998419e-01  -2.2522777e-01  -4.3871168e-01   1.0626693e+00
  -3.8179769e-01  -2.5559838e-01   8.8823871e-01   3.7305776e-01  -3.1221263e-01   9.4021215e-01   1.3635373e-01  -1.0411031e+00  -8.6995508e-01  -2.2525215e-01  -4.3875696e-01   1.0626713e+00
  -3.8193061e-01  -2.5554603e-01   8.8819661e-01   3.7302100e-01  -3.1223073e-01   9.4022080e-01   1.3625271e-01  -1.0411366e+00  -8.6989018e-01  -2.2527553e-01  -4.3887352e-01   1.0626606e+00
  -3.8198811e-01  -2.5552446e-01   8.8817810e-01   3.7300680e-01  -3.1224665e-01   9.4022228e-01   1.3620611e-01  -1.0411536e+00  -8.6985924e-01  -2.2529386e-01  -4.3892545e-01   1.0626587e+00
  -3.8204625e-01  -2.5550969e-01   8.8815735e-01   3.7299414e-01  -3.1227198e-01   9.4022026e-01   1.3616176e-01  -1.0411689e+00  -8.6982461e-01  -2.2531889e-01  -4.3898125e-01   1.0626593e+00
  -3.8210577e-01  -2.5548772e-01   8.8813808e-01   3.7297840e-01  -3.1228155e-01   9.4022356e-01   1.3611735e-01  -1.0411839e+00  -8.6979507e-01  -2.2533024e-01  -4.3903395e-01   1.0626561e+00
  -3.8216524e-01  -2.5546724e-01   8.8811834e-01   3.7296367e-01  -3.1229772e-01   9.4022487e-01   1.3607118e-01  -1.0411996e+00  -8.6976313e-01  -2.2534799e-01  -4.3908816e-01   1.0626533e+00
  -3.8222043e-01  -2.5544351e-01   8.8810143e-01   3.7294794e-01  -3.1230042e-01   9.4022996e-01   1.3602956e-01  -1.0412142e+00  -8.6973789e-01  -2.2535352e-01  -4.3913531e-01   1.0626467e+00
  -3.8228195e-01  -2.5541700e-01   8.8808258e-01   3.7293071e-01  -3.1231680e-01   9.4023223e-01   1.3597634e-01  -1.0412328e+00  -8.6970495e-01  -2.2537414e-01  -4.3918992e-01   1.0626455e+00
  -3.8233723e-01  -2.5539857e-01   8.8806411e-01   3.7291738e-01  -3.1233114e-01   9.4023355e-01   1.3593444e-01  -1.0412480e+00  -8.6967552e-01  -2.2538964e-01  -4.3924025e-01   1.0626426e+00
  -3.8239551e-01  -2.5537784e-01   8.8804497e-01   3.7290292e-01  -3.1234958e-01   9.4023424e-01   1.3588716e-01  -1.0412644e+00  -8.6964327e-01  -2.2541017e-01  -4.3929361e-01   1.0626405e+00
  -3.8244844e-01  -2.5535970e-01   8.8802737e-01   3.7288967e-01  -3.1236466e-01   9.4023519e-01   1.3584583e-01  -1.0412799e+00  -8.6961458e-01  -2.2542667e-01  -4.3934190e-01   1.0626380e+00
  -3.8250667e-01  -2.5532905e-01   8.8801110e-01   3.7287469e-01  -3.1238174e-01   9.4023778e-01   1.3578876e-01  -1.0412983e+00  -8.6958283e-01  -2.2545070e-01  -4.3939241e-01   1.0626370e+00
  -3.8261799e-01  -2.5528930e-01   8.8797454e-01   3.7284737e-01  -3.1241146e-01   9.4024055e-01   1.3570107e-01  -1.0413301e+00  -8.6952315e-01  -2.2548412e-01  -4.3949329e-01   1.0626324e+00
  -3.8267920e-01  -2.5527370e-01   8.8795272e-01   3.7283081e-01  -3.1243197e-01   9.4024005e-01   1.3565738e-01  -1.0413471e+00  -8.6948888e-01  -2.2550388e-01  -4.3955100e-01   1.0626301e+00
  -3.8273374e-01  -2.5526024e-01   8.8793306e-01   3.7282019e-01  -3.1245572e-01   9.4023809e-01   1.3561617e-01  -1.0413625e+00  -8.6945635e-01  -2.2552720e-01  -4.3960340e-01   1.0626311e+00
  -3.8279562e-01  -2.5523097e-01   8.8791475e-01   3.7280176e-01  -3.1245983e-01   9.4024394e-01   1.3556607e-01  -1.0413787e+00  -8.6942762e-01  -2.2553592e-01  -4.3965575e-01   1.0626253e+00
  -3.8283858e-01  -2.5521462e-01   8.8790098e-01   3.7279266e-01  -3.1248625e-01   9.4024128e-01   1.3552361e-01  -1.0413937e+00  -8.6939921e-01  -2.2556548e-01  -4.3969676e-01   1.0626279e+00
  -3.8291075e-01  -2.5518837e-01   8.8787739e-01   3.7277208e-01  -3.1249341e-01   9.4024630e-01   1.3547235e-01  -1.0414126e+00  -8.6936485e-01  -2.2557433e-01  -4.3976017e-01   1.0626212e+00
  -3.8296681e-01  -2.5516856e-01   8.8785888e-01   3.7275843e-01  -3.1251302e-01   9.4024646e-01   1.3542604e-01  -1.0414291e+00  -8.6933311e-01  -2.2559612e-01  -4.3981172e-01   1.0626194e+00
  -3.8301628e-01  -2.5515397e-01   8.8784178e-01   3.7274452e-01  -3.1252448e-01   9.4024768e-01   1.3539122e-01  -1.0414460e+00  -8.6930721e-01  -2.2560757e-01  -4.3985702e-01   1.0626146e+00
  -3.8307837e-01  -2.5512615e-01   8.8782296e-01   3.7272995e-01  -3.1254759e-01   9.4024838e-01   1.3533296e-01  -1.0414631e+00  -8.6927150e-01  -2.2563613e-01  -4.3991293e-01   1.0626157e+00
  -3.8313020e-01  -2.5510568e-01   8.8780647e-01   3.7271578e-01  -3.1255668e-01   9.4025118e-01   1.3529245e-01  -1.0414797e+00  -8.6924538e-01  -2.2564757e-01  -4.3995863e-01   1.0626111e+00
  -3.8319329e-01  -2.5508524e-01   8.8778516e-01   3.7270128e-01  -3.1258094e-01   9.4025047e-01   1.3524119e-01  -1.0414958e+00  -8.6920887e-01  -2.2567351e-01  -4.4001748e-01   1.0626117e+00
  -3.8324482e-01  -2.5506642e-01   8.8776832e-01   3.7268824e-01  -3.1259817e-01   9.4025090e-01   1.3519838e-01  -1.0415126e+00  -8.6917996e-01  -2.2569299e-01  -4.4006461e-01   1.0626096e+00
  -3.8336109e-01  -2.5502634e-01   8.8772957e-01   3.7265879e-01  -3.1262759e-01   9.4025396e-01   1.3510900e-01  -1.0415442e+00  -8.6911805e-01  -2.2572555e-01  -4.4017008e-01   1.0626044e+00
  -3.8341989e-01  -2.5499585e-01   8.8771296e-01   3.7264131e-01  -3.1264063e-01   9.4025753e-01   1.3505396e-01  -1.0415641e+00  -8.6908745e-01  -2.2574511e-01  -4.4022053e-01   1.0626007e+00
  -3.8347419e-01  -2.5497755e-01   8.8769477e-01   3.7262850e-01  -3.1265438e-01   9.4025893e-01   1.3501264e-01  -1.0415790e+00  -8.6905857e-01  -2.2576011e-01  -4.4026991e-01   1.0625986e+00
  -3.8351302e-01  -2.5496143e-01   8.8768264e-01   3.7261912e-01  -3.1268151e-01   9.4025587e-01   1.3497118e-01  -1.0415970e+00  -8.6903167e-01  -2.2579109e-01  -4.4030707e-01   1.0625996e+00
  -3.8357299e-01  -2.5495262e-01   8.8765924e-01   3.7260619e-01  -3.1270721e-01   9.4025288e-01   1.3493229e-01  -1.0416122e+00  -8.6899596e-01  -2.2581338e-01  -4.4036613e-01   1.0625998e+00
  -3.8362384e-01  -2.5492738e-01   8.8764451e-01   3.7259394e-01  -3.1272350e-01   9.4025451e-01   1.3488330e-01  -1.0416292e+00  -8.6896761e-01  -2.2583520e-01  -4.4041088e-01   1.0625984e+00
  -3.8369106e-01  -2.5489572e-01   8.8762452e-01   3.7257648e-01  -3.1273631e-01   9.4025864e-01   1.3482476e-01  -1.0416475e+00  -8.6893334e-01  -2.2585371e-01  -4.4046903e-01   1.0625952e+00
  -3.8374501e-01  -2.5488134e-01   8.8760538e-01   3.7256382e-01  -3.1276475e-01   9.4025555e-01   1.3478030e-01  -1.0416678e+00  -8.6889930e-01  -2.2588275e-01  -4.4052123e-01   1.0625956e+00
  -3.8380558e-01  -2.5485845e-01   8.8758573e-01   3.7254755e-01  -3.1278219e-01   9.4025691e-01   1.3473050e-01  -1.0416847e+00  -8.6886626e-01  -2.2590302e-01  -4.4057601e-01   1.0625936e+00
  -3.8386284e-01  -2.5483712e-01   8.8756710e-01   3.7253318e-01  -3.1280150e-01   9.4025734e-01   1.3468232e-01  -1.0417024e+00  -8.6883404e-01  -2.2592509e-01  -4.4062831e-01   1.0625920e+00
  -3.8391594e-01  -2.5481016e-01   8.8755190e-01   3.7252038e-01  -3.1281661e-01   9.4025960e-01   1.3463148e-01  -1.0417200e+00  -8.6880513e-01  -2.2594609e-01  -4.4067452e-01   1.0625906e+00
  -3.8403148e-01  -2.5477354e-01   8.8751242e-01   3.7249117e-01  -3.1286413e-01   9.4025735e-01   1.3453674e-01  -1.0417574e+00  -8.6873692e-01  -2.2599678e-01  -4.4078292e-01   1.0625887e+00
  -3.8408881e-01  -2.5475148e-01   8.8749396e-01   3.7247695e-01  -3.1288248e-01   9.4025818e-01   1.3448825e-01  -1.0417755e+00  -8.6870498e-01  -2.2601818e-01  -4.4083493e-01   1.0625874e+00
  -3.8414608e-01  -2.5473108e-01   8.8747500e-01   3.7246235e-01  -3.1290141e-01   9.4025859e-01   1.3444124e-01  -1.0417924e+00  -8.6867283e-01  -2.2603942e-01  -4.4088739e-01   1.0625855e+00
  -3.8420359e-01  -2.5471060e-01   8.8745596e-01   3.7244793e-01  -3.1292331e-01   9.4025826e-01   1.3439256e-01  -1.0418111e+00  -8.6863948e-01  -2.2606387e-01  -4.4094054e-01   1.0625844e+00
  -3.8425408e-01  -2.5469653e-01   8.8743815e-01   3.7243882e-01  -3.1295879e-01   9.4025313e-01   1.3434573e-01  -1.0418305e+00  -8.6860437e-01  -2.2610100e-01  -4.4099064e-01   1.0625877e+00
  -3.8429579e-01  -2.5467555e-01   8.8742615e-01   3.7242674e-01  -3.1296938e-01   9.4025525e-01   1.3430661e-01  -1.0418464e+00  -8.6858216e-01  -2.2611604e-01  -4.4102677e-01   1.0625841e+00
  -3.8435160e-01  -2.5465930e-01   8.8740663e-01   3.7241569e-01  -3.1300799e-01   9.4024983e-01   1.3425441e-01  -1.0418677e+00  -8.6854352e-01  -2.2615677e-01  -4.4108191e-01   1.0625879e+00
  -3.8440854e-01  -2.5463784e-01   8.8738808e-01   3.7240166e-01  -3.1302523e-01   9.4025083e-01   1.3420720e-01  -1.0418854e+00  -8.6851211e-01  -2.2617677e-01  -4.4113354e-01   1.0625863e+00
  -3.8446450e-01  -2.5461620e-01   8.8737007e-01   3.7238707e-01  -3.1305333e-01   9.4024899e-01   1.3415454e-01  -1.0419059e+00  -8.6847719e-01  -2.2620882e-01  -4.4118582e-01   1.0625867e+00
  -3.8451660e-01  -2.5460552e-01   8.8735056e-01   3.7237526e-01  -3.1307851e-01   9.4024609e-01   1.3411605e-01  -1.0419237e+00  -8.6844505e-01  -2.2623283e-01  -4.4123676e-01   1.0625857e+00
  -3.8462727e-01  -2.5455577e-01   8.8731691e-01   3.7234806e-01  -3.1312597e-01   9.4024559e-01   1.3400867e-01  -1.0419640e+00  -8.6837894e-01  -2.2629088e-01  -4.4133711e-01   1.0625852e+00
  -3.8469425e-01  -2.5452782e-01   8.8729581e-01   3.7233071e-01  -3.1314982e-01   9.4024624e-01   1.3394844e-01  -1.0419858e+00  -8.6834067e-01  -2.2631964e-01  -4.4139767e-01   1.0625842e+00
  -3.8474670e-01  -2.5450822e-01   8.8727874e-01   3.7231814e-01  -3.1317488e-01   9.4024477e-01   1.3390045e-01  -1.0420047e+00  -8.6830843e-01  -2.2634796e-01  -4.4144658e-01   1.0625845e+00
  -3.8479755e-01  -2.5448183e-01   8.8726425e-01   3.7230512e-01  -3.1320105e-01   9.4024390e-01   1.3384510e-01  -1.0420260e+00  -8.6827642e-01  -2.2638112e-01  -4.4149254e-01   1.0625853e+00
  -3.8485372e-01  -2.5446712e-01   8.8724408e-01   3.7229213e-01  -3.1322448e-01   9.4024221e-01   1.3380209e-01  -1.0420438e+00  -8.6824309e-01  -2.2640461e-01  -4.4154606e-01   1.0625842e+00
  -3.8491023e-01  -2.5444445e-01   8.8722612e-01   3.7227777e-01  -3.1324880e-01   9.4024150e-01   1.3375009e-01  -1.0420637e+00  -8.6820923e-01  -2.2643304e-01  -4.4159798e-01   1.0625840e+00
  -3.8496277e-01  -2.5442206e-01   8.8720973e-01   3.7226692e-01  -3.1327858e-01   9.4023918e-01   1.3369670e-01  -1.0420828e+00  -8.6817518e-01  -2.2646786e-01  -4.4164704e-01   1.0625868e+00
  -3.8501964e-01  -2.5440825e-01   8.8718903e-01   3.7225290e-01  -3.1330699e-01   9.4023611e-01   1.3365188e-01  -1.0421027e+00  -8.6813973e-01  -2.2649623e-01  -4.4170222e-01   1.0625868e+00
  -3.8507258e-01  -2.5438457e-01   8.8717284e-01   3.7223838e-01  -3.1332016e-01   9.4023830e-01   1.3360542e-01  -1.0421211e+00  -8.6811149e-01  -2.2651365e-01  -4.4174877e-01   1.0625826e+00
  -3.8512940e-01  -2.5435911e-01   8.8715547e-01   3.7222560e-01  -3.1334956e-01   9.4023671e-01   1.3354779e-01  -1.0421408e+00  -8.6807570e-01  -2.2654888e-01  -4.4180107e-01   1.0625854e+00
  -3.8518439e-01  -2.5434526e-01   8.8713557e-01   3.7221243e-01  -3.1337860e-01   9.4023334e-01   1.3350311e-01  -1.0421609e+00  -8.6804081e-01  -2.2657826e-01  -4.4185458e-01   1.0625855e+00
  -3.8528919e-01  -2.5429872e-01   8.8710334e-01   3.7218487e-01  -3.1342398e-01   9.4023263e-01   1.3340169e-01  -1.0422019e+00  -8.6797790e-01  -2.2663355e-01  -4.4194978e-01   1.0625834e+00
  -3.8534432e-01  -2.5428414e-01   8.8708363e-01   3.7217350e-01  -3.1345772e-01   9.4022816e-01   1.3335378e-01  -1.0422212e+00  -8.6794125e-01  -2.2666838e-01  -4.4200385e-01   1.0625862e+00
  -3.8539435e-01  -2.5425903e-01   8.8706909e-01   3.7215937e-01  -3.1347085e-01   9.4023047e-01   1.3330665e-01  -1.0422395e+00  -8.6791430e-01  -2.2668695e-01  -4.4204727e-01   1.0625827e+00
  -3.8544802e-01  -2.5422869e-01   8.8705448e-01   3.7214606e-01  -3.1349790e-01   9.4023008e-01   1.3324585e-01  -1.0422614e+00  -8.6788071e-01  -2.2672263e-01  -4.4209494e-01   1.0625841e+00
  -3.8550035e-01  -2.5422158e-01   8.8703372e-01   3.7213536e-01  -3.1353326e-01   9.4022396e-01   1.3320578e-01  -1.0422800e+00  -8.6784466e-01  -2.2675598e-01  -4.4214860e-01   1.0625868e+00
  -3.8553975e-01  -2.5419963e-01   8.8702292e-01   3.7212413e-01  -3.1355432e-01   9.4022330e-01   1.3316090e-01  -1.0422997e+00  -8.6781956e-01  -2.2678333e-01  -4.4218386e-01   1.0625859e+00
  -3.8558939e-01  -2.5418104e-01   8.8700665e-01   3.7211248e-01  -3.1357966e-01   9.4022142e-01   1.3311451e-01  -1.0423189e+00  -8.6778834e-01  -2.2681198e-01  -4.4223042e-01   1.0625860e+00
  -3.8563976e-01  -2.5416236e-01   8.8699013e-01   3.7210061e-01  -3.1360469e-01   9.4021967e-01   1.3306800e-01  -1.0423384e+00  -8.6775690e-01  -2.2684026e-01  -4.4227755e-01   1.0625865e+00
  -3.8568900e-01  -2.5413718e-01   8.8697595e-01   3.7209003e-01  -3.1363875e-01   9.4021645e-01   1.3301030e-01  -1.0423592e+00  -8.6772273e-01  -2.2688167e-01  -4.4232341e-01   1.0625911e+00
  -3.8573769e-01  -2.5412408e-01   8.8695851e-01   3.7207679e-01  -3.1365896e-01   9.4021505e-01   1.3297266e-01  -1.0423774e+00  -8.6769379e-01  -2.2690221e-01  -4.4236960e-01   1.0625878e+00
  -3.8583352e-01  -2.5408322e-01   8.8692851e-01   3.7205376e-01  -3.1371699e-01   9.4020978e-01   1.3287316e-01  -1.0424187e+00  -8.6763020e-01  -2.2696992e-01  -4.4245962e-01   1.0625905e+00
  -3.8588768e-01  -2.5406601e-01   8.8690992e-01   3.7204277e-01  -3.1375391e-01   9.4020479e-01   1.3282106e-01  -1.0424392e+00  -8.6759279e-01  -2.2700970e-01  -4.4251259e-01   1.0625946e+00
  -3.8593390e-01  -2.5404324e-01   8.8689630e-01   3.7202972e-01  -3.1376787e-01   9.4020639e-01   1.3277698e-01  -1.0424580e+00  -8.6756718e-01  -2.2702870e-01  -4.4255306e-01   1.0625916e+00
  -3.8598424e-01  -2.5402381e-01   8.8687999e-01   3.7201742e-01  -3.1379715e-01   9.4020359e-01   1.3272749e-01  -1.0424783e+00  -8.6753420e-01  -2.2706196e-01  -4.4260065e-01   1.0625923e+00
  -3.8603776e-01  -2.5399595e-01   8.8686465e-01   3.7200430e-01  -3.1381599e-01   9.4020493e-01   1.3267349e-01  -1.0424965e+00  -8.6750354e-01  -2.2708761e-01  -4.4264751e-01   1.0625918e+00
  -3.8608563e-01  -2.5398745e-01   8.8684621e-01   3.7199480e-01  -3.1385633e-01   9.4019751e-01   1.3263060e-01  -1.0425179e+00  -8.6746764e-01  -2.2712782e-01  -4.4269726e-01   1.0625963e+00
  -3.8613046e-01  -2.5395768e-01   8.8683526e-01   3.7198194e-01  -3.1387662e-01   9.4019841e-01   1.3257623e-01  -1.0425385e+00  -8.6744033e-01  -2.2715741e-01  -4.4273558e-01   1.0625951e+00
  -3.8618453e-01  -2.5393984e-01   8.8681681e-01   3.7197090e-01  -3.1390987e-01   9.4019445e-01   1.3252532e-01  -1.0425582e+00  -8.6740422e-01  -2.2719361e-01  -4.4278772e-01   1.0625989e+00
  -3.8623191e-01  -2.5392349e-01   8.8680088e-01   3.7195724e-01  -3.1393609e-01   9.4019190e-01   1.3248143e-01  -1.0425795e+00  -8.6737365e-01  -2.2722249e-01  -4.4283281e-01   1.0625973e+00
