   4.8114964e-02  -7.4820745e-01   6.6176930e-01   5.5588179e-01  -5.3259871e-01   5.4128290e-01   6.5070692e-01  -9.1222322e-01  -8.4503941e-01  -3.8375316e-01  -3.7243782e-01   1.0671484e+00
   4.7375796e-02  -7.4788455e-01   6.6218745e-01   5.5590035e-01  -5.3251255e-01   5.4196893e-01   6.5020620e-01  -9.1219763e-01  -8.4513545e-01  -3.8341411e-01  -3.7256903e-01   1.0671171e+00
   4.6629143e-02  -7.4755652e-01   6.6261070e-01   5.5592101e-01  -5.3243306e-01   5.4265903e-01   6.4969549e-01  -9.1217307e-01  -8.4522705e-01  -3.8307761e-01  -3.7270742e-01   1.0670879e+00
   4.5879797e-02  -7.4723774e-01   6.6302247e-01   5.5593783e-01  -5.3235304e-01   5.4334023e-01   6.4919153e-01  -9.1214969e-01  -8.4531848e-01  -3.8273378e-01  -3.7285326e-01   1.0670536e+00
   4.5125851e-02  -7.4692144e-01   6.6343045e-01   5.5595428e-01  -5.3228288e-01   5.4401529e-01   6.4868352e-01  -9.1212863e-01  -8.4540324e-01  -3.8239204e-01  -3.7301167e-01   1.0670164e+00
   4.3642449e-02  -7.4626404e-01   6.6426897e-01   5.5598872e-01  -5.3212212e-01   5.4538433e-01   6.4766504e-01  -9.1207664e-01  -8.4558231e-01  -3.8172491e-01  -3.7328900e-01   1.0669527e+00
   4.2909389e-02  -7.4593687e-01   6.6468410e-01   5.5601144e-01  -5.3202839e-01   5.4606762e-01   6.4716608e-01  -9.1204333e-01  -8.4567879e-01  -3.8138731e-01  -3.7341546e-01   1.0669235e+00
   4.2217001e-02  -7.4560538e-01   6.6510028e-01   5.5603908e-01  -5.3193460e-01   5.4673613e-01   6.4667856e-01  -9.1201486e-01  -8.4577263e-01  -3.8107769e-01  -3.7351903e-01   1.0669011e+00
   4.1510025e-02  -7.4527630e-01   6.6551344e-01   5.5606401e-01  -5.3183422e-01   5.4741041e-01   6.4619050e-01  -9.1198600e-01  -8.4587069e-01  -3.8075324e-01  -3.7362772e-01   1.0668781e+00
   4.0796376e-02  -7.4494343e-01   6.6593010e-01   5.5608487e-01  -5.3172997e-01   5.4809186e-01   6.4569849e-01  -9.1195671e-01  -8.4597095e-01  -3.8042423e-01  -3.7373589e-01   1.0668520e+00
   4.0063548e-02  -7.4461948e-01   6.6633680e-01   5.5610673e-01  -5.3163681e-01   5.4876677e-01   6.4520180e-01  -9.1192489e-01  -8.4606454e-01  -3.8008531e-01  -3.7386887e-01   1.0668241e+00
   3.9334454e-02  -7.4428730e-01   6.6675122e-01   5.5612812e-01  -5.3152264e-01   5.4945619e-01   6.4470892e-01  -9.1189174e-01  -8.4617050e-01  -3.7973972e-01  -3.7398028e-01   1.0667962e+00
   3.8619664e-02  -7.4395524e-01   6.6716349e-01   5.5615401e-01  -5.3142016e-01   5.5013284e-01   6.4421617e-01  -9.1186383e-01  -8.4626775e-01  -3.7941065e-01  -3.7409414e-01   1.0667727e+00
   3.7919868e-02  -7.4362383e-01   6.6757298e-01   5.5617670e-01  -5.3127644e-01   5.5081967e-01   6.4374771e-01  -9.1183309e-01  -8.4638967e-01  -3.7906370e-01  -3.7417009e-01   1.0667462e+00
   3.7182437e-02  -7.4330033e-01   6.6797462e-01   5.5619406e-01  -5.3115583e-01   5.5150346e-01   6.4326154e-01  -9.1180989e-01  -8.4649805e-01  -3.7870376e-01  -3.7428933e-01   1.0667096e+00
   3.5681143e-02  -7.4265837e-01   6.6877008e-01   5.5622787e-01  -5.3094962e-01   5.5285819e-01   6.4226807e-01  -9.1175922e-01  -8.4669201e-01  -3.7798721e-01  -3.7457482e-01   1.0666379e+00
   3.4957540e-02  -7.4233208e-01   6.6917040e-01   5.5625101e-01  -5.3083440e-01   5.5353261e-01   6.4178228e-01  -9.1172964e-01  -8.4679443e-01  -3.7764095e-01  -3.7469252e-01   1.0666066e+00
   3.4239112e-02  -7.4198859e-01   6.6958837e-01   5.5627656e-01  -5.3070231e-01   5.5422761e-01   6.4129154e-01  -9.1170116e-01  -8.4690660e-01  -3.7729648e-01  -3.7478607e-01   1.0665795e+00
   3.3521901e-02  -7.4167108e-01   6.6997635e-01   5.5629761e-01  -5.3057214e-01   5.5489515e-01   6.4082184e-01  -9.1166882e-01  -8.4701685e-01  -3.7693952e-01  -3.7489611e-01   1.0665459e+00
   3.2777056e-02  -7.4133524e-01   6.7038476e-01   5.5631604e-01  -5.3045858e-01   5.5558331e-01   6.4031937e-01  -9.1164736e-01  -8.4711709e-01  -3.7658632e-01  -3.7502450e-01   1.0665081e+00
   3.2097060e-02  -7.4101842e-01   6.7076783e-01   5.5634273e-01  -5.3035656e-01   5.5621944e-01   6.3985145e-01  -9.1161372e-01  -8.4720703e-01  -3.7627066e-01  -3.7513822e-01   1.0664848e+00
   3.1381756e-02  -7.4068989e-01   6.7116443e-01   5.5636234e-01  -5.3024241e-01   5.5688600e-01   6.3936607e-01  -9.1158491e-01  -8.4730522e-01  -3.7593149e-01  -3.7525638e-01   1.0664514e+00
   3.0666579e-02  -7.4035670e-01   6.7156500e-01   5.5638615e-01  -5.3012044e-01   5.5755917e-01   6.3888035e-01  -9.1155268e-01  -8.4740778e-01  -3.7558983e-01  -3.7536701e-01   1.0664233e+00
   2.9967161e-02  -7.4003643e-01   6.7194942e-01   5.5640680e-01  -5.2998460e-01   5.5821837e-01   6.3841721e-01  -9.1152235e-01  -8.4751769e-01  -3.7524164e-01  -3.7546693e-01   1.0663907e+00
   2.9292171e-02  -7.3970151e-01   6.7234784e-01   5.5643090e-01  -5.2985545e-01   5.5887715e-01   6.3794790e-01  -9.1149171e-01  -8.4762208e-01  -3.7492129e-01  -3.7555140e-01   1.0663644e+00
   2.8588400e-02  -7.3936502e-01   6.7274816e-01   5.5645575e-01  -5.2973739e-01   5.5954345e-01   6.3746173e-01  -9.1146037e-01  -8.4771987e-01  -3.7459114e-01  -3.7566006e-01   1.0663387e+00
   2.7159577e-02  -7.3870870e-01   6.7352787e-01   5.5649707e-01  -5.2947900e-01   5.6087540e-01   6.3650516e-01  -9.1139810e-01  -8.4792829e-01  -3.7389337e-01  -3.7588482e-01   1.0662702e+00
   2.6464613e-02  -7.3837816e-01   6.7391788e-01   5.5652305e-01  -5.2934216e-01   5.6153713e-01   6.3603533e-01  -9.1136631e-01  -8.4803570e-01  -3.7355288e-01  -3.7598103e-01   1.0662439e+00
   2.5764136e-02  -7.3804686e-01   6.7430784e-01   5.5654893e-01  -5.2921201e-01   5.6219775e-01   6.3555984e-01  -9.1133908e-01  -8.4813849e-01  -3.7321375e-01  -3.7608591e-01   1.0662132e+00
   2.5016561e-02  -7.3771185e-01   6.7470248e-01   5.5657039e-01  -5.2908224e-01   5.6288009e-01   6.3506379e-01  -9.1131329e-01  -8.4824181e-01  -3.7284754e-01  -3.7621613e-01   1.0661767e+00
   2.4283317e-02  -7.3738530e-01   6.7508611e-01   5.5658997e-01  -5.2894726e-01   5.6354954e-01   6.3458234e-01  -9.1128542e-01  -8.4834730e-01  -3.7248204e-01  -3.7634029e-01   1.0661381e+00
   2.3563323e-02  -7.3705720e-01   6.7546979e-01   5.5661308e-01  -5.2882272e-01   5.6420918e-01   6.3409978e-01  -9.1125769e-01  -8.4844522e-01  -3.7213263e-01  -3.7646516e-01   1.0661064e+00
   2.2869268e-02  -7.3672583e-01   6.7585507e-01   5.5664107e-01  -5.2868369e-01   5.6486644e-01   6.3363039e-01  -9.1122381e-01  -8.4855085e-01  -3.7179157e-01  -3.7656404e-01   1.0660821e+00
   2.2154245e-02  -7.3641378e-01   6.7621886e-01   5.5666473e-01  -5.2854105e-01   5.6551460e-01   6.3317104e-01  -9.1119145e-01  -8.4865865e-01  -3.7142422e-01  -3.7668355e-01   1.0660471e+00
   2.1415510e-02  -7.3607396e-01   6.7661248e-01   5.5668477e-01  -5.2839081e-01   5.6620064e-01   6.3268313e-01  -9.1116517e-01  -8.4877117e-01  -3.7105245e-01  -3.7679643e-01   1.0660103e+00
   2.0737730e-02  -7.3574156e-01   6.7699508e-01   5.5671514e-01  -5.2825491e-01   5.6684740e-01   6.3221731e-01  -9.1112972e-01  -8.4887259e-01  -3.7072411e-01  -3.7689113e-01   1.0659897e+00
   2.0029107e-02  -7.3541011e-01   6.7737643e-01   5.5673679e-01  -5.2810536e-01   5.6751069e-01   6.3174707e-01  -9.1109756e-01  -8.4898268e-01  -3.7036689e-01  -3.7699445e-01   1.0659548e+00
   1.8613083e-02  -7.3475372e-01   6.7812869e-01   5.5678190e-01  -5.2781571e-01   5.6882300e-01   6.3080820e-01  -9.1103502e-01  -8.4919499e-01  -3.6965568e-01  -3.7721420e-01   1.0658883e+00
   1.7914932e-02  -7.3442178e-01   6.7850696e-01   5.5680494e-01  -5.2767120e-01   5.6947683e-01   6.3033898e-01  -9.1100535e-01  -8.4929982e-01  -3.6930851e-01  -3.7731826e-01   1.0658553e+00
   1.7234044e-02  -7.3409604e-01   6.7887699e-01   5.5683304e-01  -5.2753616e-01   5.7011271e-01   6.2987708e-01  -9.1097292e-01  -8.4939781e-01  -3.6897493e-01  -3.7742400e-01   1.0658257e+00
   1.6516473e-02  -7.3376636e-01   6.7925116e-01   5.5685136e-01  -5.2740014e-01   5.7076629e-01   6.2939882e-01  -9.1095035e-01  -8.4949648e-01  -3.6862009e-01  -3.7754858e-01   1.0657848e+00
   1.5820171e-02  -7.3345372e-01   6.7960528e-01   5.5687025e-01  -5.2726009e-01   5.7139621e-01   6.2894450e-01  -9.1092210e-01  -8.4959670e-01  -3.6826622e-01  -3.7766846e-01   1.0657464e+00
   1.5125456e-02  -7.3312693e-01   6.7997364e-01   5.5689731e-01  -5.2712576e-01   5.7203499e-01   6.2847627e-01  -9.1089043e-01  -8.4969269e-01  -3.6792511e-01  -3.7778493e-01   1.0657126e+00
   1.4460291e-02  -7.3279765e-01   6.8034288e-01   5.5692473e-01  -5.2697574e-01   5.7266995e-01   6.2802365e-01  -9.1085508e-01  -8.4979728e-01  -3.6759313e-01  -3.7787278e-01   1.0656832e+00
   1.3785151e-02  -7.3246010e-01   6.8072030e-01   5.5695470e-01  -5.2684150e-01   5.7330866e-01   6.2755335e-01  -9.1082421e-01  -8.4989179e-01  -3.6727013e-01  -3.7797439e-01   1.0656584e+00
   1.3115876e-02  -7.3213575e-01   6.8108238e-01   5.5698367e-01  -5.2669029e-01   5.7393914e-01   6.2710382e-01  -9.1079080e-01  -8.4999607e-01  -3.6693201e-01  -3.7806821e-01   1.0656275e+00
   1.2457197e-02  -7.3180929e-01   6.8144551e-01   5.5701038e-01  -5.2652241e-01   5.7457348e-01   6.2666375e-01  -9.1076017e-01  -8.5010996e-01  -3.6659035e-01  -3.7814354e-01   1.0655951e+00
   1.1803943e-02  -7.3148081e-01   6.8180971e-01   5.5703690e-01  -5.2637494e-01   5.7519769e-01   6.2621486e-01  -9.1073095e-01  -8.5021062e-01  -3.6626691e-01  -3.7823070e-01   1.0655679e+00
   1.0430983e-02  -7.3083854e-01   6.8252048e-01   5.5708497e-01  -5.2606731e-01   5.7646120e-01   6.2531086e-01  -9.1066663e-01  -8.5041897e-01  -3.6556190e-01  -3.7844434e-01   1.0654950e+00
   9.7539950e-03  -7.3050705e-01   6.8288524e-01   5.5711120e-01  -5.2591872e-01   5.7709484e-01   6.2485119e-01  -9.1063486e-01  -8.5051887e-01  -3.6522452e-01  -3.7854551e-01   1.0654647e+00
   9.1078906e-03  -7.3018695e-01   6.8323643e-01   5.5714386e-01  -5.2576634e-01   5.7770654e-01   6.2441405e-01  -9.1059396e-01  -8.5062023e-01  -3.6489742e-01  -3.7863316e-01   1.0654407e+00
   8.4349966e-03  -7.2986624e-01   6.8358768e-01   5.5717040e-01  -5.2559535e-01   5.7833632e-01   6.2397488e-01  -9.1056085e-01  -8.5073288e-01  -3.6454134e-01  -3.7872315e-01   1.0654031e+00
   7.7593911e-03  -7.2955262e-01   6.8393037e-01   5.5719572e-01  -5.2543669e-01   5.7895435e-01   6.2353524e-01  -9.1053104e-01  -8.5083731e-01  -3.6418799e-01  -3.7882851e-01   1.0653648e+00
   7.1229440e-03  -7.2923958e-01   6.8427108e-01   5.5722623e-01  -5.2528800e-01   5.7955125e-01   6.2310582e-01  -9.1049433e-01  -8.5093468e-01  -3.6386534e-01  -3.7891981e-01   1.0653370e+00
   6.4501044e-03  -7.2891888e-01   6.8461934e-01   5.5725073e-01  -5.2513460e-01   5.8017036e-01   6.2265882e-01  -9.1046357e-01  -8.5103471e-01  -3.6352115e-01  -3.7902549e-01   1.0652997e+00
   5.7949716e-03  -7.2859836e-01   6.8496630e-01   5.5728154e-01  -5.2498019e-01   5.8078179e-01   6.2221883e-01  -9.1042482e-01  -8.5113466e-01  -3.6318710e-01  -3.7912118e-01   1.0652689e+00
   5.1226456e-03  -7.2826810e-01   6.8532278e-01   5.5730504e-01  -5.2481655e-01   5.8141173e-01   6.2176841e-01  -9.1039293e-01  -8.5123987e-01  -3.6284152e-01  -3.7921588e-01   1.0652328e+00
   4.4436234e-03  -7.2794175e-01   6.8567416e-01   5.5732706e-01  -5.2465650e-01   5.8203808e-01   6.2131730e-01  -9.1036371e-01  -8.5134232e-01  -3.6249197e-01  -3.7932011e-01   1.0651914e+00
   3.1439173e-03  -7.2730740e-01   6.8635415e-01   5.5737508e-01  -5.2439494e-01   5.8322381e-01   6.2042557e-01  -9.1030221e-01  -8.5150928e-01  -3.6185891e-01  -3.7954981e-01   1.0651188e+00
   2.4833306e-03  -7.2698698e-01   6.8669629e-01   5.5739771e-01  -5.2425343e-01   5.8382690e-01   6.1997783e-01  -9.1027309e-01  -8.5159860e-01  -3.6153018e-01  -3.7966268e-01   1.0650784e+00
   1.8462492e-03  -7.2667377e-01   6.8702971e-01   5.5742413e-01  -5.2410711e-01   5.8441550e-01   6.1954680e-01  -9.1023952e-01  -8.5169028e-01  -3.6120871e-01  -3.7976299e-01   1.0650406e+00
   1.2428637e-03  -7.2636024e-01   6.8736252e-01   5.5745288e-01  -5.2396388e-01   5.8498934e-01   6.1912626e-01  -9.1020148e-01  -8.5177950e-01  -3.6091037e-01  -3.7984654e-01   1.0650106e+00
   6.3009240e-04  -7.2604031e-01   6.8770133e-01   5.5748085e-01  -5.2382033e-01   5.8557175e-01   6.1869702e-01  -9.1016966e-01  -8.5186845e-01  -3.6060952e-01  -3.7993279e-01   1.0649776e+00
  -3.0563698e-05  -7.2571758e-01   6.8804212e-01   5.5750362e-01  -5.2368785e-01   5.8616929e-01   6.1824316e-01  -9.1013931e-01  -8.5195011e-01  -3.6028816e-01  -3.8005448e-01   1.0649339e+00
  -6.7227906e-04  -7.2538493e-01   6.8839253e-01   5.5753060e-01  -5.2356389e-01   5.8676400e-01   6.1778383e-01  -9.1010558e-01  -8.5202603e-01  -3.5998994e-01  -3.8016689e-01   1.0649002e+00
  -1.2927645e-03  -7.2506308e-01   6.8873063e-01   5.5755915e-01  -5.2343316e-01   5.8734288e-01   6.1734437e-01  -9.1007001e-01  -8.5210568e-01  -3.5969413e-01  -3.8026840e-01   1.0648694e+00
  -1.9153928e-03  -7.2474571e-01   6.8906315e-01   5.5758730e-01  -5.2328661e-01   5.8792436e-01   6.1691495e-01  -9.1003521e-01  -8.5219447e-01  -3.5938368e-01  -3.8036288e-01   1.0648337e+00
  -2.5592891e-03  -7.2443162e-01   6.8939126e-01   5.5760984e-01  -5.2314889e-01   5.8850629e-01   6.1647678e-01  -9.1000814e-01  -8.5227738e-01  -3.5906428e-01  -3.8047882e-01   1.0647903e+00
  -3.8098827e-03  -7.2379983e-01   6.9004879e-01   5.5765969e-01  -5.2289042e-01   5.8964957e-01   6.1560297e-01  -9.0994666e-01  -8.5243128e-01  -3.5846236e-01  -3.8070150e-01   1.0647149e+00
  -4.4312404e-03  -7.2350037e-01   6.9035902e-01   5.5768283e-01  -5.2276635e-01   5.9020154e-01   6.1517926e-01  -9.0991398e-01  -8.5250439e-01  -3.5815826e-01  -3.8082403e-01   1.0646722e+00
  -5.0503956e-03  -7.2317415e-01   6.9069654e-01   5.5771092e-01  -5.2262212e-01   5.9078417e-01   6.1474233e-01  -9.0987737e-01  -8.5258936e-01  -3.5785642e-01  -3.8091753e-01   1.0646403e+00
  -5.6602898e-03  -7.2286631e-01   6.9101397e-01   5.5774130e-01  -5.2247985e-01   5.9134532e-01   6.1432365e-01  -9.0983663e-01  -8.5267272e-01  -3.5755147e-01  -3.8101730e-01   1.0646041e+00
  -6.2896319e-03  -7.2254587e-01   6.9134359e-01   5.5776854e-01  -5.2233471e-01   5.9192521e-01   6.1388843e-01  -9.0980619e-01  -8.5275725e-01  -3.5723947e-01  -3.8112081e-01   1.0645617e+00
  -6.8939349e-03  -7.2222606e-01   6.9167189e-01   5.5779672e-01  -5.2220530e-01   5.9248775e-01   6.1345569e-01  -9.0977375e-01  -8.5283181e-01  -3.5695350e-01  -3.8122189e-01   1.0645294e+00
  -7.4971532e-03  -7.2190888e-01   6.9199666e-01   5.5782555e-01  -5.2207060e-01   5.9304897e-01   6.1302793e-01  -9.0974039e-01  -8.5290918e-01  -3.5666304e-01  -3.8132062e-01   1.0644921e+00
  -8.1478149e-03  -7.2159913e-01   6.9231230e-01   5.5784502e-01  -5.2192929e-01   5.9362305e-01   6.1259243e-01  -9.0971322e-01  -8.5298973e-01  -3.5633465e-01  -3.8144748e-01   1.0644408e+00
  -8.7639924e-03  -7.2128285e-01   6.9263430e-01   5.5787057e-01  -5.2178864e-01   5.9418898e-01   6.1216340e-01  -9.0968165e-01  -8.5306962e-01  -3.5603162e-01  -3.8155168e-01   1.0644040e+00
  -9.3390194e-03  -7.2097995e-01   6.9294206e-01   5.5790267e-01  -5.2165608e-01   5.9472373e-01   6.1175701e-01  -9.0964325e-01  -8.5314458e-01  -3.5575214e-01  -3.8164476e-01   1.0643726e+00
  -9.9473589e-03  -7.2066867e-01   6.9325728e-01   5.5793292e-01  -5.2152155e-01   5.9527819e-01   6.1133228e-01  -9.0960560e-01  -8.5321997e-01  -3.5545539e-01  -3.8175271e-01   1.0643328e+00
  -1.1162747e-02  -7.2004654e-01   6.9388500e-01   5.5798797e-01  -5.2128327e-01   5.9637094e-01   6.1046985e-01  -9.0953640e-01  -8.5335055e-01  -3.5488406e-01  -3.8199235e-01   1.0642593e+00
  -1.1763739e-02  -7.1974546e-01   6.9418738e-01   5.5801270e-01  -5.2114019e-01   5.9691486e-01   6.1006036e-01  -9.0950363e-01  -8.5342987e-01  -3.5458028e-01  -3.8209724e-01   1.0642152e+00
  -1.2378017e-02  -7.1944901e-01   6.9448393e-01   5.5803231e-01  -5.2098623e-01   5.9746319e-01   6.0965489e-01  -9.0947296e-01  -8.5351515e-01  -3.5425820e-01  -3.8220543e-01   1.0641627e+00
  -1.2974234e-02  -7.1913387e-01   6.9479934e-01   5.5805682e-01  -5.2085772e-01   5.9801000e-01   6.0922847e-01  -9.0944650e-01  -8.5358476e-01  -3.5397527e-01  -3.8231216e-01   1.0641237e+00
  -1.3565322e-02  -7.1882719e-01   6.9510538e-01   5.5808418e-01  -5.2072877e-01   5.9854694e-01   6.0881125e-01  -9.0941121e-01  -8.5365425e-01  -3.5369058e-01  -3.8242047e-01   1.0640825e+00
  -1.4154926e-02  -7.1852417e-01   6.9540682e-01   5.5811432e-01  -5.2060663e-01   5.9907650e-01   6.0839471e-01  -9.0936803e-01  -8.5371912e-01  -3.5340960e-01  -3.8253533e-01   1.0640419e+00
  -1.4726067e-02  -7.1820136e-01   6.9572835e-01   5.5814910e-01  -5.2049511e-01   5.9961154e-01   6.0796286e-01  -9.0932642e-01  -8.5377748e-01  -3.5315828e-01  -3.8263724e-01   1.0640152e+00
  -1.5285309e-02  -7.1789226e-01   6.9603525e-01   5.5818224e-01  -5.2036217e-01   6.0013846e-01   6.0755662e-01  -9.0928579e-01  -8.5384871e-01  -3.5289173e-01  -3.8272427e-01   1.0639824e+00
  -1.5832732e-02  -7.1759916e-01   6.9632521e-01   5.5821644e-01  -5.2022948e-01   6.0064627e-01   6.0716831e-01  -9.0924566e-01  -8.5391954e-01  -3.5262378e-01  -3.8281310e-01   1.0639435e+00
  -1.6391035e-02  -7.1730731e-01   6.9661294e-01   5.5824395e-01  -5.2011677e-01   6.0114798e-01   6.0676821e-01  -9.0921274e-01  -8.5397766e-01  -3.5236256e-01  -3.8292398e-01   1.0639039e+00
  -1.7517260e-02  -7.1673444e-01   6.9717498e-01   5.5829928e-01  -5.1990876e-01   6.0213618e-01   6.0596607e-01  -9.0913666e-01  -8.5408199e-01  -3.5184053e-01  -3.8317124e-01   1.0638187e+00
  -1.8088608e-02  -7.1643308e-01   6.9747006e-01   5.5833010e-01  -5.1980773e-01   6.0264398e-01   6.0554784e-01  -9.0909813e-01  -8.5413156e-01  -3.5158487e-01  -3.8329541e-01   1.0637784e+00
  -1.8651831e-02  -7.1611987e-01   6.9777680e-01   5.5836130e-01  -5.1968618e-01   6.0316682e-01   6.0513145e-01  -9.0905858e-01  -8.5419339e-01  -3.5132619e-01  -3.8339475e-01   1.0637425e+00
  -1.9238809e-02  -7.1582362e-01   6.9806477e-01   5.5838455e-01  -5.1957507e-01   6.0367843e-01   6.0471653e-01  -9.0902623e-01  -8.5424800e-01  -3.5105111e-01  -3.8352511e-01   1.0636906e+00
  -1.9807944e-02  -7.1551750e-01   6.9836259e-01   5.5841233e-01  -5.1947689e-01   6.0418624e-01   6.0429360e-01  -9.0899748e-01  -8.5429472e-01  -3.5080148e-01  -3.8364943e-01   1.0636444e+00
  -2.0326479e-02  -7.1523159e-01   6.9864056e-01   5.5844156e-01  -5.1939122e-01   6.0465277e-01   6.0390047e-01  -9.0895909e-01  -8.5433459e-01  -3.5058067e-01  -3.8376242e-01   1.0636097e+00
  -2.0874728e-02  -7.1494508e-01   6.9891758e-01   5.5847124e-01  -5.1929297e-01   6.0513486e-01   6.0350192e-01  -9.0891906e-01  -8.5438110e-01  -3.5033311e-01  -3.8388492e-01   1.0635672e+00
  -2.1391878e-02  -7.1466087e-01   6.9919253e-01   5.5850598e-01  -5.1918249e-01   6.0560836e-01   6.0312193e-01  -9.0887576e-01  -8.5443547e-01  -3.5009469e-01  -3.8398147e-01   1.0635285e+00
  -2.1880388e-02  -7.1435388e-01   6.9949109e-01   5.5854523e-01  -5.1906644e-01   6.0609311e-01   6.0273476e-01  -9.0883386e-01  -8.5449357e-01  -3.4988243e-01  -3.8404562e-01   1.0635013e+00
  -2.2393953e-02  -7.1405761e-01   6.9977732e-01   5.5858039e-01  -5.1897600e-01   6.0656635e-01   6.0233646e-01  -9.0879408e-01  -8.5453521e-01  -3.4966707e-01  -3.8414909e-01   1.0634690e+00
  -2.2917906e-02  -7.1377326e-01   7.0005033e-01   5.5861305e-01  -5.1888338e-01   6.0703320e-01   6.0194579e-01  -9.0875080e-01  -8.5457757e-01  -3.4943726e-01  -3.8426394e-01   1.0634271e+00
  -2.3944580e-02  -7.1320353e-01   7.0059647e-01   5.5867944e-01  -5.1871972e-01   6.0794985e-01   6.0116122e-01  -9.0866394e-01  -8.5464873e-01  -3.4900679e-01  -3.8449678e-01   1.0633551e+00
  -2.4448151e-02  -7.1293850e-01   7.0084877e-01   5.5871210e-01  -5.1861926e-01   6.0839448e-01   6.0079797e-01  -9.0861980e-01  -8.5469548e-01  -3.4877344e-01  -3.8460466e-01   1.0633115e+00
  -2.4970481e-02  -7.1264600e-01   7.0112776e-01   5.5874270e-01  -5.1849608e-01   6.0887789e-01   6.0041451e-01  -9.0858006e-01  -8.5475511e-01  -3.4852753e-01  -3.8469506e-01   1.0632662e+00
  -2.5477168e-02  -7.1236172e-01   7.0139843e-01   5.5877221e-01  -5.1840645e-01   6.0933452e-01   6.0002847e-01  -9.0854454e-01  -8.5479450e-01  -3.4831060e-01  -3.8480391e-01   1.0632250e+00
  -2.5991865e-02  -7.1208604e-01   7.0165940e-01   5.5880744e-01  -5.1832804e-01   6.0978144e-01   5.9964214e-01  -9.0850023e-01  -8.5482660e-01  -3.4809211e-01  -3.8493043e-01   1.0631840e+00
  -2.6521182e-02  -7.1180776e-01   7.0192186e-01   5.5883648e-01  -5.1824298e-01   6.1023775e-01   5.9925131e-01  -9.0845540e-01  -8.5486189e-01  -3.4786140e-01  -3.8506051e-01   1.0631386e+00
  -2.7027834e-02  -7.1152696e-01   7.0218718e-01   5.5886849e-01  -5.1816307e-01   6.1068577e-01   5.9886387e-01  -9.0841472e-01  -8.5489448e-01  -3.4764967e-01  -3.8517940e-01   1.0630978e+00
  -2.7524145e-02  -7.1124856e-01   7.0244996e-01   5.5890459e-01  -5.1806783e-01   6.1113379e-01   5.9848909e-01  -9.0836924e-01  -8.5493636e-01  -3.4743198e-01  -3.8528284e-01   1.0630595e+00
  -2.8023757e-02  -7.1096663e-01   7.0271556e-01   5.5893938e-01  -5.1796557e-01   6.1158824e-01   5.9811327e-01  -9.0832724e-01  -8.5498207e-01  -3.4720931e-01  -3.8538208e-01   1.0630178e+00
  -2.9021927e-02  -7.1042664e-01   7.0322097e-01   5.5899742e-01  -5.1781371e-01   6.1245348e-01   5.9735893e-01  -9.0825187e-01  -8.5504075e-01  -3.4678917e-01  -3.8563010e-01   1.0629252e+00
  -2.9506348e-02  -7.1017327e-01   7.0345669e-01   5.5903209e-01  -5.1774832e-01   6.1286190e-01   5.9699666e-01  -9.0820284e-01  -8.5506381e-01  -3.4658655e-01  -3.8576119e-01   1.0628856e+00
  -2.9981316e-02  -7.0990090e-01   7.0371148e-01   5.5906834e-01  -5.1765657e-01   6.1329335e-01   5.9663300e-01  -9.0815737e-01  -8.5510280e-01  -3.4638123e-01  -3.8585909e-01   1.0628451e+00
  -3.0486469e-02  -7.0963072e-01   7.0396220e-01   5.5909854e-01  -5.1757053e-01   6.1373049e-01   5.9625804e-01  -9.0811575e-01  -8.5513702e-01  -3.4616052e-01  -3.8598134e-01   1.0628013e+00
  -3.0979514e-02  -7.0935997e-01   7.0421356e-01   5.5912733e-01  -5.1748126e-01   6.1416473e-01   5.9588825e-01  -9.0807939e-01  -8.5517331e-01  -3.4594525e-01  -3.8609386e-01   1.0627537e+00
  -3.1478847e-02  -7.0908949e-01   7.0446376e-01   5.5915722e-01  -5.1739589e-01   6.1459884e-01   5.9551472e-01  -9.0803537e-01  -8.5520673e-01  -3.4572878e-01  -3.8621372e-01   1.0627081e+00
  -3.1993262e-02  -7.0881154e-01   7.0472025e-01   5.5918287e-01  -5.1731684e-01   6.1504125e-01   5.9512651e-01  -9.0799800e-01  -8.5523550e-01  -3.4551186e-01  -3.8634418e-01   1.0626594e+00
  -3.2480432e-02  -7.0854456e-01   7.0496644e-01   5.5921581e-01  -5.1722883e-01   6.1546824e-01   5.9476148e-01  -9.0795245e-01  -8.5527031e-01  -3.4529915e-01  -3.8645721e-01   1.0626150e+00
  -3.2973449e-02  -7.0828433e-01   7.0520495e-01   5.5924789e-01  -5.1714529e-01   6.1588921e-01   5.9439822e-01  -9.0791186e-01  -8.5530197e-01  -3.4508231e-01  -3.8658078e-01   1.0625684e+00
  -3.3446005e-02  -7.0802410e-01   7.0544403e-01   5.5928075e-01  -5.1705398e-01   6.1630584e-01   5.9404570e-01  -9.0787259e-01  -8.5533887e-01  -3.4487243e-01  -3.8668648e-01   1.0625243e+00
  -3.3941052e-02  -7.0776203e-01   7.0568328e-01   5.5930730e-01  -5.1698067e-01   6.1672391e-01   5.9367552e-01  -9.0784059e-01  -8.5536367e-01  -3.4466288e-01  -3.8681843e-01   1.0624731e+00
  -3.4938710e-02  -7.0725936e-01   7.0613847e-01   5.5936354e-01  -5.1684718e-01   6.1753783e-01   5.9294523e-01  -9.0776125e-01  -8.5540415e-01  -3.4423726e-01  -3.8710777e-01   1.0623729e+00
  -3.5397156e-02  -7.0699447e-01   7.0638083e-01   5.5940160e-01  -5.1676296e-01   6.1794879e-01   5.9259038e-01  -9.0771229e-01  -8.5543623e-01  -3.4404370e-01  -3.8720902e-01   1.0623369e+00
  -3.5864786e-02  -7.0674047e-01   7.0661139e-01   5.5943849e-01  -5.1668224e-01   6.1835192e-01   5.9224013e-01  -9.0766284e-01  -8.5546547e-01  -3.4384131e-01  -3.8732411e-01   1.0622969e+00
  -3.6353871e-02  -7.0647410e-01   7.0685266e-01   5.5947382e-01  -5.1659245e-01   6.1877574e-01   5.9187566e-01  -9.0761939e-01  -8.5549907e-01  -3.4362608e-01  -3.8744090e-01   1.0622518e+00
  -3.6823123e-02  -7.0620967e-01   7.0709261e-01   5.5950778e-01  -5.1651282e-01   6.1918675e-01   5.9151526e-01  -9.0757816e-01  -8.5552709e-01  -3.4342928e-01  -3.8755355e-01   1.0622115e+00
  -3.7287906e-02  -7.0596478e-01   7.0731277e-01   5.5954212e-01  -5.1644865e-01   6.1957324e-01   5.9116644e-01  -9.0753815e-01  -8.5554564e-01  -3.4323570e-01  -3.8768398e-01   1.0621667e+00
  -3.7815356e-02  -7.0571413e-01   7.0753485e-01   5.5956539e-01  -5.1636693e-01   6.1999213e-01   5.9079860e-01  -9.0750587e-01  -8.5557185e-01  -3.4299469e-01  -3.8783950e-01   1.0621050e+00
  -3.8353567e-02  -7.0545016e-01   7.0776909e-01   5.5958526e-01  -5.1627678e-01   6.2042855e-01   5.9041906e-01  -9.0747371e-01  -8.5560229e-01  -3.4274842e-01  -3.8798999e-01   1.0620453e+00
  -3.8831315e-02  -7.0519273e-01   7.0799954e-01   5.5961806e-01  -5.1619746e-01   6.2083450e-01   5.9006160e-01  -9.0743321e-01  -8.5562858e-01  -3.4254305e-01  -3.8811333e-01   1.0620008e+00
  -3.9307981e-02  -7.0494310e-01   7.0822180e-01   5.5965733e-01  -5.1612052e-01   6.2123219e-01   5.8971027e-01  -9.0738360e-01  -8.5565325e-01  -3.4233586e-01  -3.8824176e-01   1.0619569e+00
  -3.9785101e-02  -7.0469022e-01   7.0844679e-01   5.5969393e-01  -5.1605870e-01   6.2162621e-01   5.8934902e-01  -9.0733981e-01  -8.5566849e-01  -3.4214118e-01  -3.8837979e-01   1.0619158e+00
  -4.0679304e-02  -7.0420794e-01   7.0887541e-01   5.5977071e-01  -5.1591705e-01   6.2238065e-01   5.8867641e-01  -9.0724878e-01  -8.5571187e-01  -3.4176234e-01  -3.8861766e-01   1.0618330e+00
  -4.1136441e-02  -7.0396108e-01   7.0909416e-01   5.5980614e-01  -5.1583337e-01   6.2277043e-01   5.8833742e-01  -9.0720583e-01  -8.5574047e-01  -3.4156069e-01  -3.8873200e-01   1.0617889e+00
  -4.1611414e-02  -7.0372428e-01   7.0930150e-01   5.5983894e-01  -5.1576283e-01   6.2315219e-01   5.8799496e-01  -9.0716388e-01  -8.5576001e-01  -3.4135243e-01  -3.8887185e-01   1.0617408e+00
  -4.2110908e-02  -7.0346410e-01   7.0953004e-01   5.5987063e-01  -5.1567719e-01   6.2356694e-01   5.8763021e-01  -9.0712496e-01  -8.5578720e-01  -3.4113120e-01  -3.8900615e-01   1.0616905e+00
  -4.2581641e-02  -7.0321035e-01   7.0975347e-01   5.5990781e-01  -5.1560026e-01   6.2396295e-01   5.8727731e-01  -9.0708388e-01  -8.5581027e-01  -3.4093022e-01  -3.8913160e-01   1.0616441e+00
  -4.3050876e-02  -7.0296357e-01   7.0996954e-01   5.5994337e-01  -5.1553052e-01   6.2434937e-01   5.8692774e-01  -9.0704022e-01  -8.5582876e-01  -3.4073166e-01  -3.8926476e-01   1.0616007e+00
  -4.3525631e-02  -7.0271536e-01   7.1018636e-01   5.5997946e-01  -5.1545507e-01   6.2474063e-01   5.8657750e-01  -9.0699568e-01  -8.5585020e-01  -3.4052642e-01  -3.8939719e-01   1.0615548e+00
  -4.4005298e-02  -7.0249522e-01   7.1037461e-01   5.6001701e-01  -5.1539487e-01   6.2510390e-01   5.8624337e-01  -9.0694443e-01  -8.5586193e-01  -3.4031406e-01  -3.8955705e-01   1.0615044e+00
  -4.4506622e-02  -7.0223830e-01   7.1059731e-01   5.6004895e-01  -5.1532527e-01   6.2550788e-01   5.8587351e-01  -9.0690430e-01  -8.5587794e-01  -3.4010192e-01  -3.8970714e-01   1.0614578e+00
  -4.4964567e-02  -7.0200129e-01   7.1080260e-01   5.6009002e-01  -5.1526163e-01   6.2587836e-01   5.8553373e-01  -9.0685662e-01  -8.5589231e-01  -3.3990948e-01  -3.8984343e-01   1.0614159e+00
  -4.5916499e-02  -7.0151818e-01   7.1121860e-01   5.6016276e-01  -5.1511598e-01   6.2664474e-01   5.8484179e-01  -9.0677458e-01  -8.5592942e-01  -3.3949464e-01  -3.9012332e-01   1.0613157e+00
  -4.6340359e-02  -7.0127734e-01   7.1142858e-01   5.6020384e-01  -5.1504307e-01   6.2700977e-01   5.8451468e-01  -9.0672802e-01  -8.5595050e-01  -3.3931819e-01  -3.9023062e-01   1.0612789e+00
  -4.6802943e-02  -7.0105963e-01   7.1161289e-01   5.6024179e-01  -5.1498012e-01   6.2736405e-01   5.8418985e-01  -9.0667725e-01  -8.5596314e-01  -3.3911316e-01  -3.9038097e-01   1.0612300e+00
  -4.7256538e-02  -7.0081660e-01   7.1182223e-01   5.6028717e-01  -5.1491914e-01   6.2773506e-01   5.8384501e-01  -9.0662525e-01  -8.5597497e-01  -3.3892887e-01  -3.9051521e-01   1.0611935e+00
  -4.7730749e-02  -7.0058071e-01   7.1202279e-01   5.6032445e-01  -5.1485956e-01   6.2810596e-01   5.8349852e-01  -9.0657871e-01  -8.5598445e-01  -3.3872944e-01  -3.9066735e-01   1.0611491e+00
  -4.8203261e-02  -7.0033455e-01   7.1223309e-01   5.6035929e-01  -5.1476908e-01   6.2849647e-01   5.8315775e-01  -9.0653685e-01  -8.5601242e-01  -3.3851391e-01  -3.9079287e-01   1.0610966e+00
  -4.8637644e-02  -7.0010385e-01   7.1243032e-01   5.6040464e-01  -5.1469830e-01   6.2885385e-01   5.8283490e-01  -9.0648623e-01  -8.5603041e-01  -3.3832744e-01  -3.9091493e-01   1.0610560e+00
  -4.9082509e-02  -6.9986681e-01   7.1263269e-01   5.6044537e-01  -5.1462625e-01   6.2921988e-01   5.8250343e-01  -9.0643795e-01  -8.5604836e-01  -3.3813724e-01  -3.9104023e-01   1.0610139e+00
  -4.9530801e-02  -6.9964861e-01   7.1281592e-01   5.6048736e-01  -5.1456365e-01   6.2956751e-01   5.8218293e-01  -9.0638558e-01  -8.5606014e-01  -3.3794167e-01  -3.9118345e-01   1.0609697e+00
  -5.0007123e-02  -6.9941107e-01   7.1301577e-01   5.6053081e-01  -5.1448856e-01   6.2994454e-01   5.8184141e-01  -9.0633546e-01  -8.5607762e-01  -3.3773075e-01  -3.9132738e-01   1.0609224e+00
  -5.0440213e-02  -6.9919707e-01   7.1319506e-01   5.6057488e-01  -5.1443827e-01   6.3027824e-01   5.8152441e-01  -9.0628359e-01  -8.5608237e-01  -3.3755117e-01  -3.9147179e-01   1.0608823e+00
  -5.1460792e-02  -6.9872690e-01   7.1358286e-01   5.6063408e-01  -5.1427218e-01   6.3105430e-01   5.8082923e-01  -9.0620798e-01  -8.5612147e-01  -3.3707438e-01  -3.9179704e-01   1.0607579e+00
  -5.1917148e-02  -6.9850462e-01   7.1376738e-01   5.6067334e-01  -5.1421055e-01   6.3140556e-01   5.8050196e-01  -9.0615812e-01  -8.5613089e-01  -3.3687730e-01  -3.9194589e-01   1.0607111e+00
  -5.2361496e-02  -6.9828401e-01   7.1395081e-01   5.6071322e-01  -5.1415077e-01   6.3175057e-01   5.8017949e-01  -9.0610412e-01  -8.5613976e-01  -3.3668782e-01  -3.9208933e-01   1.0606700e+00
  -5.2847148e-02  -6.9806147e-01   7.1413263e-01   5.6075246e-01  -5.1408199e-01   6.3211341e-01   5.7984505e-01  -9.0605266e-01  -8.5615120e-01  -3.3646814e-01  -3.9225284e-01   1.0606161e+00
  -5.3327722e-02  -6.9784522e-01   7.1430819e-01   5.6078822e-01  -5.1401490e-01   6.3246852e-01   5.7951726e-01  -9.0600889e-01  -8.5616166e-01  -3.3624927e-01  -3.9241761e-01   1.0605599e+00
  -5.3776159e-02  -6.9762187e-01   7.1449273e-01   5.6082719e-01  -5.1394692e-01   6.3281917e-01   5.7919465e-01  -9.0596409e-01  -8.5617444e-01  -3.3605304e-01  -3.9255785e-01   1.0605154e+00
  -5.4250396e-02  -6.9740349e-01   7.1467001e-01   5.6085785e-01  -5.1386999e-01   6.3317706e-01   5.7887169e-01  -9.0592267e-01  -8.5619068e-01  -3.3583203e-01  -3.9271149e-01   1.0604572e+00
  -5.4747277e-02  -6.9718472e-01   7.1484560e-01   5.6088932e-01  -5.1379602e-01   6.3354095e-01   5.7853910e-01  -9.0587863e-01  -8.5620350e-01  -3.3559998e-01  -3.9288200e-01   1.0603967e+00
  -5.5245435e-02  -6.9696406e-01   7.1502242e-01   5.6092194e-01  -5.1374010e-01   6.3389929e-01   5.7819618e-01  -9.0583098e-01  -8.5620506e-01  -3.3538161e-01  -3.9306504e-01   1.0603440e+00
  -5.5738347e-02  -6.9674305e-01   7.1519953e-01   5.6095707e-01  -5.1368087e-01   6.3425714e-01   5.7785626e-01  -9.0577979e-01  -8.5620865e-01  -3.3516413e-01  -3.9324262e-01   1.0602914e+00
  -5.6191595e-02  -6.9651151e-01   7.1538958e-01   5.6100027e-01  -5.1360291e-01   6.3461793e-01   5.7752935e-01  -9.0572505e-01  -8.5622579e-01  -3.3496250e-01  -3.9337714e-01   1.0602472e+00
  -5.7141217e-02  -6.9607977e-01   7.1573445e-01   5.6107561e-01  -5.1347724e-01   6.3531472e-01   5.7687459e-01  -9.0562767e-01  -8.5623828e-01  -3.3453867e-01  -3.9371041e-01   1.0601440e+00
  -5.7592103e-02  -6.9587572e-01   7.1589675e-01   5.6111361e-01  -5.1341135e-01   6.3564675e-01   5.7656743e-01  -9.0558012e-01  -8.5624762e-01  -3.3433237e-01  -3.9386532e-01   1.0600918e+00
  -5.8082721e-02  -6.9567186e-01   7.1605519e-01   5.6114369e-01  -5.1334725e-01   6.3599011e-01   5.7624578e-01  -9.0553555e-01  -8.5625288e-01  -3.3410370e-01  -3.9404787e-01   1.0600307e+00
  -5.8572108e-02  -6.9546289e-01   7.1621833e-01   5.6117665e-01  -5.1328351e-01   6.3633662e-01   5.7591990e-01  -9.0548333e-01  -8.5625777e-01  -3.3387883e-01  -3.9422779e-01   1.0599761e+00
  -5.9078978e-02  -6.9524806e-01   7.1638525e-01   5.6120971e-01  -5.1322314e-01   6.3669163e-01   5.7558125e-01  -9.0543464e-01  -8.5625908e-01  -3.3364940e-01  -3.9441908e-01   1.0599168e+00
  -5.9580911e-02  -6.9503683e-01   7.1654862e-01   5.6124455e-01  -5.1316658e-01   6.3704034e-01   5.7524575e-01  -9.0538860e-01  -8.5625825e-01  -3.3342376e-01  -3.9461171e-01   1.0598562e+00
  -6.0012096e-02  -6.9481885e-01   7.1672400e-01   5.6129120e-01  -5.1312084e-01   6.3736774e-01   5.7492377e-01  -9.0533520e-01  -8.5625557e-01  -3.3325231e-01  -3.9476238e-01   1.0598200e+00
  -6.0501859e-02  -6.9462631e-01   7.1686946e-01   5.6132216e-01  -5.1306129e-01   6.3769811e-01   5.7461052e-01  -9.0528808e-01  -8.5625679e-01  -3.3302165e-01  -3.9495438e-01   1.0597552e+00
  -6.1001655e-02  -6.9441722e-01   7.1702962e-01   5.6135487e-01  -5.1299258e-01   6.3804805e-01   5.7428334e-01  -9.0524120e-01  -8.5626249e-01  -3.3278733e-01  -3.9513945e-01   1.0596942e+00
  -6.1473345e-02  -6.9422536e-01   7.1717517e-01   5.6139033e-01  -5.1295093e-01   6.3836455e-01   5.7396867e-01  -9.0519338e-01  -8.5625367e-01  -3.3258059e-01  -3.9533250e-01   1.0596395e+00
  -6.2361232e-02  -6.9381775e-01   7.1749291e-01   5.6147929e-01  -5.1282512e-01   6.3901505e-01   5.7335698e-01  -9.0508372e-01  -8.5626487e-01  -3.3218184e-01  -3.9564348e-01   1.0595443e+00
  -6.2830580e-02  -6.9359708e-01   7.1766522e-01   5.6151955e-01  -5.1275618e-01   6.3936338e-01   5.7303015e-01  -9.0503421e-01  -8.5627180e-01  -3.3197218e-01  -3.9580429e-01   1.0594936e+00
  -6.3289633e-02  -6.9339496e-01   7.1782023e-01   5.6155962e-01  -5.1269404e-01   6.3969084e-01   5.7272022e-01  -9.0497898e-01  -8.5627525e-01  -3.3176362e-01  -3.9597179e-01   1.0594444e+00
  -6.3732539e-02  -6.9319462e-01   7.1797448e-01   5.6160318e-01  -5.1263738e-01   6.4000936e-01   5.7241502e-01  -9.0492611e-01  -8.5627630e-01  -3.3156782e-01  -3.9613343e-01   1.0593940e+00
  -6.4211382e-02  -6.9300840e-01   7.1811159e-01   5.6164288e-01  -5.1259065e-01   6.4032359e-01   5.7210534e-01  -9.0487018e-01  -8.5626847e-01  -3.3135034e-01  -3.9633219e-01   1.0593376e+00
  -6.4701727e-02  -6.9280452e-01   7.1826429e-01   5.6167538e-01  -5.1253617e-01   6.4065808e-01   5.7177957e-01  -9.0482708e-01  -8.5626418e-01  -3.3113006e-01  -3.9652556e-01   1.0592773e+00
  -6.5183503e-02  -6.9261526e-01   7.1840326e-01   5.6171194e-01  -5.1247472e-01   6.4098064e-01   5.7147305e-01  -9.0477471e-01  -8.5626443e-01  -3.3090165e-01  -3.9671565e-01   1.0592180e+00
  -6.5633845e-02  -6.9243864e-01   7.1853245e-01   5.6175370e-01  -5.1243132e-01   6.4127626e-01   5.7118029e-01  -9.0472466e-01  -8.5625598e-01  -3.3069854e-01  -3.9690321e-01   1.0591603e+00
  -6.6532191e-02  -6.9204967e-01   7.1882453e-01   5.6183686e-01  -5.1233551e-01   6.4189758e-01   5.7056796e-01  -9.0462345e-01  -8.5624397e-01  -3.3030695e-01  -3.9725500e-01   1.0590593e+00
  -6.6990173e-02  -6.9187440e-01   7.1895073e-01   5.6187944e-01  -5.1228953e-01   6.4219455e-01   5.7027501e-01  -9.0456660e-01  -8.5623581e-01  -3.3009690e-01  -3.9744722e-01   1.0590034e+00
  -6.7445985e-02  -6.9167987e-01   7.1909524e-01   5.6192299e-01  -5.1223492e-01   6.4250917e-01   5.6996964e-01  -9.0451004e-01  -8.5623267e-01  -3.2989233e-01  -3.9762376e-01   1.0589527e+00
  -6.7887445e-02  -6.9149967e-01   7.1922702e-01   5.6196735e-01  -5.1219463e-01   6.4280217e-01   5.6967538e-01  -9.0445509e-01  -8.5622191e-01  -3.2969919e-01  -3.9780707e-01   1.0589030e+00
  -6.8312646e-02  -6.9130409e-01   7.1937476e-01   5.6201748e-01  -5.1212016e-01   6.4311532e-01   5.6938881e-01  -9.0439939e-01  -8.5623261e-01  -3.2949868e-01  -3.9795012e-01   1.0588549e+00
  -6.8743733e-02  -6.9112815e-01   7.1950269e-01   5.6206134e-01  -5.1206964e-01   6.4340516e-01   5.6910677e-01  -9.0434519e-01  -8.5622832e-01  -3.2930179e-01  -3.9812230e-01   1.0588026e+00
  -6.9162192e-02  -6.9094864e-01   7.1963499e-01   5.6210908e-01  -5.1202361e-01   6.4369200e-01   5.6882371e-01  -9.0428431e-01  -8.5622216e-01  -3.2911782e-01  -3.9828766e-01   1.0587594e+00
  -6.9575788e-02  -6.9078118e-01   7.1975592e-01   5.6215537e-01  -5.1196963e-01   6.4397065e-01   5.6855681e-01  -9.0422166e-01  -8.5622096e-01  -3.2892420e-01  -3.9845019e-01   1.0587109e+00
  -7.0054957e-02  -6.9059588e-01   7.1988720e-01   5.6219571e-01  -5.1190350e-01   6.4428767e-01   5.6825716e-01  -9.0416622e-01  -8.5622139e-01  -3.2869236e-01  -3.9864049e-01   1.0586486e+00
  -7.1023071e-02  -6.9023225e-01   7.2014110e-01   5.6226543e-01  -5.1178751e-01   6.4491199e-01   5.6765315e-01  -9.0407410e-01  -8.5621100e-01  -3.2823159e-01  -3.9904230e-01   1.0585183e+00
  -7.1492621e-02  -6.9006033e-01   7.2025935e-01   5.6230059e-01  -5.1173383e-01   6.4520984e-01   5.6736303e-01  -9.0402741e-01  -8.5620404e-01  -3.2800764e-01  -3.9924139e-01   1.0584523e+00
  -7.1991611e-02  -6.8990124e-01   7.2036207e-01   5.6233466e-01  -5.1170106e-01   6.4549812e-01   5.6706453e-01  -9.0397730e-01  -8.5618176e-01  -3.2777500e-01  -3.9948005e-01   1.0583834e+00
  -7.2481173e-02  -6.8973452e-01   7.2047260e-01   5.6237001e-01  -5.1166917e-01   6.4578897e-01   5.6676207e-01  -9.0392635e-01  -8.5615954e-01  -3.2755289e-01  -3.9970984e-01   1.0583195e+00
  -7.2938234e-02  -6.8957464e-01   7.2057948e-01   5.6240713e-01  -5.1162702e-01   6.4606830e-01   5.6648176e-01  -9.0387390e-01  -8.5614591e-01  -3.2733861e-01  -3.9991456e-01   1.0582571e+00
  -7.3392825e-02  -6.8940760e-01   7.2069315e-01   5.6244665e-01  -5.1157514e-01   6.4635591e-01   5.6620038e-01  -9.0382027e-01  -8.5613804e-01  -3.2712253e-01  -4.0010806e-01   1.0581982e+00
  -7.3846779e-02  -6.8923220e-01   7.2081458e-01   5.6248691e-01  -5.1152730e-01   6.4664815e-01   5.6590990e-01  -9.0377342e-01  -8.5612758e-01  -3.2691460e-01  -4.0030035e-01   1.0581384e+00
  -7.4333784e-02  -6.8905800e-01   7.2093105e-01   5.6251732e-01  -5.1146994e-01   6.4695266e-01   5.6561361e-01  -9.0372706e-01  -8.5611973e-01  -3.2667924e-01  -4.0050930e-01   1.0580712e+00
  -7.4781671e-02  -6.8891148e-01   7.2102473e-01   5.6255500e-01  -5.1143441e-01   6.4721512e-01   5.6534540e-01  -9.0367090e-01  -8.5610195e-01  -3.2646827e-01  -4.0071927e-01   1.0580110e+00
  -7.5217768e-02  -6.8875052e-01   7.2113312e-01   5.6259501e-01  -5.1138828e-01   6.4748919e-01   5.6507324e-01  -9.0361400e-01  -8.5609128e-01  -3.2626442e-01  -4.0090801e-01   1.0579566e+00
  -7.5676608e-02  -6.8858274e-01   7.2124538e-01   5.6263261e-01  -5.1133301e-01   6.4777863e-01   5.6479145e-01  -9.0355500e-01  -8.5608387e-01  -3.2604397e-01  -4.0110315e-01   1.0578979e+00
  -7.6604283e-02  -6.8823640e-01   7.2147796e-01   5.6271557e-01  -5.1123464e-01   6.4836339e-01   5.6420923e-01  -9.0344408e-01  -8.5606015e-01  -3.2561261e-01  -4.0150405e-01   1.0577794e+00
  -7.7029364e-02  -6.8808178e-01   7.2158019e-01   5.6275993e-01  -5.1120406e-01   6.4862226e-01   5.6393936e-01  -9.0338773e-01  -8.5604025e-01  -3.2542377e-01  -4.0169948e-01   1.0577280e+00
  -7.7523084e-02  -6.8793794e-01   7.2166446e-01   5.6279308e-01  -5.1116653e-01   6.4889552e-01   5.6365893e-01  -9.0333902e-01  -8.5601805e-01  -3.2518308e-01  -4.0194156e-01   1.0576520e+00
  -7.8046686e-02  -6.8777759e-01   7.2176085e-01   5.6281776e-01  -5.1111633e-01   6.4919499e-01   5.6335951e-01  -9.0329849e-01  -8.5600048e-01  -3.2492438e-01  -4.0218818e-01   1.0575707e+00
  -7.8510419e-02  -6.8763140e-01   7.2184982e-01   5.6285276e-01  -5.1108325e-01   6.4945892e-01   5.6308532e-01  -9.0324925e-01  -8.5597782e-01  -3.2470627e-01  -4.0241248e-01   1.0575053e+00
  -7.8958522e-02  -6.8748246e-01   7.2194279e-01   5.6289696e-01  -5.1105736e-01   6.4971741e-01   5.6281051e-01  -9.0319252e-01  -8.5595204e-01  -3.2450446e-01  -4.0262998e-01   1.0574467e+00
