  -5.7255686e-01  -3.1415090e-01   7.5733471e-01   4.6001789e-01  -4.9280389e-01   8.7010164e-01  -1.1639518e-02  -1.1304875e+00  -6.5527934e-01  -3.7986888e-01  -6.5297520e-01   1.1238839e+00
  -5.7252288e-01  -3.1422554e-01   7.5732941e-01   4.6005677e-01  -4.9275051e-01   8.7013399e-01  -1.1478001e-02  -1.1304553e+00  -6.5534913e-01  -3.7973294e-01  -6.5298427e-01   1.1238184e+00
  -5.7249092e-01  -3.1427822e-01   7.5733172e-01   4.6008692e-01  -4.9268261e-01   8.7017443e-01  -1.1328527e-02  -1.1304281e+00  -6.5542809e-01  -3.7959676e-01  -6.5298418e-01   1.1237517e+00
  -5.7246349e-01  -3.1433523e-01   7.5732883e-01   4.6011849e-01  -4.9261343e-01   8.7021558e-01  -1.1175862e-02  -1.1303973e+00  -6.5550405e-01  -3.7945522e-01  -6.5299019e-01   1.1236838e+00
  -5.7239987e-01  -3.1445594e-01   7.5732680e-01   4.6018545e-01  -4.9248106e-01   8.7029445e-01  -1.0863005e-02  -1.1303358e+00  -6.5565909e-01  -3.7917418e-01  -6.5299781e-01   1.1235484e+00
  -5.7238119e-01  -3.1451411e-01   7.5731673e-01   4.6021528e-01  -4.9241699e-01   8.7033248e-01  -1.0719962e-02  -1.1303085e+00  -6.5572346e-01  -3.7903865e-01  -6.5301183e-01   1.1234796e+00
  -5.7234688e-01  -3.1458015e-01   7.5731524e-01   4.6025369e-01  -4.9235372e-01   8.7037023e-01  -1.0558233e-02  -1.1302753e+00  -6.5580092e-01  -3.7889708e-01  -6.5301618e-01   1.1234123e+00
  -5.7231425e-01  -3.1463394e-01   7.5731755e-01   4.6028757e-01  -4.9228535e-01   8.7041070e-01  -1.0406674e-02  -1.1302453e+00  -6.5588074e-01  -3.7875936e-01  -6.5301592e-01   1.1233445e+00
  -5.7228015e-01  -3.1470420e-01   7.5731412e-01   4.6032305e-01  -4.9222453e-01   8.7044706e-01  -1.0242730e-02  -1.1302142e+00  -6.5595610e-01  -3.7861743e-01  -6.5302251e-01   1.1232767e+00
  -5.7226110e-01  -3.1476364e-01   7.5730381e-01   4.6035359e-01  -4.9216146e-01   8.7048442e-01  -1.0098989e-02  -1.1301872e+00  -6.5602006e-01  -3.7848217e-01  -6.5303669e-01   1.1232075e+00
  -5.7221665e-01  -3.1482573e-01   7.5731161e-01   4.6039206e-01  -4.9210349e-01   8.7051901e-01  -9.9404668e-03  -1.1301567e+00  -6.5610232e-01  -3.7835093e-01  -6.5303012e-01   1.1231447e+00
  -5.7218844e-01  -3.1488495e-01   7.5730833e-01   4.6042390e-01  -4.9204045e-01   8.7055635e-01  -9.7909350e-03  -1.1301280e+00  -6.5617424e-01  -3.7821572e-01  -6.5303620e-01   1.1230775e+00
  -5.7214853e-01  -3.1494588e-01   7.5731310e-01   4.6046325e-01  -4.9197886e-01   8.7059288e-01  -9.6331997e-03  -1.1300942e+00  -6.5625516e-01  -3.7808078e-01  -6.5303299e-01   1.1230138e+00
  -5.7211368e-01  -3.1500313e-01   7.5731566e-01   4.6049399e-01  -4.9191090e-01   8.7063300e-01  -9.4766542e-03  -1.1300644e+00  -6.5633654e-01  -3.7794067e-01  -6.5303232e-01   1.1229476e+00
  -5.7207771e-01  -3.1508049e-01   7.5731061e-01   4.6053349e-01  -4.9186342e-01   8.7066156e-01  -9.3166864e-03  -1.1300327e+00  -6.5640343e-01  -3.7781040e-01  -6.5304045e-01   1.1228836e+00
  -5.7200306e-01  -3.1518760e-01   7.5732242e-01   4.6060021e-01  -4.9173288e-01   8.7073847e-01  -9.0143496e-03  -1.1299739e+00  -6.5656625e-01  -3.7754371e-01  -6.5303102e-01   1.1227539e+00
  -5.7197623e-01  -3.1524882e-01   7.5731722e-01   4.6063299e-01  -4.9166758e-01   8.7077695e-01  -8.8612535e-03  -1.1299446e+00  -6.5663854e-01  -3.7740392e-01  -6.5303914e-01   1.1226854e+00
  -5.7196757e-01  -3.1531243e-01   7.5729727e-01   4.6066345e-01  -4.9160100e-01   8.7081601e-01  -8.7161270e-03  -1.1299161e+00  -6.5669596e-01  -3.7726063e-01  -6.5306421e-01   1.1226152e+00
  -5.7194150e-01  -3.1537100e-01   7.5729258e-01   4.6069303e-01  -4.9153622e-01   8.7085402e-01  -8.5671634e-03  -1.1298909e+00  -6.5676716e-01  -3.7712380e-01  -6.5307164e-01   1.1225468e+00
  -5.7189430e-01  -3.1542984e-01   7.5730373e-01   4.6073254e-01  -4.9147922e-01   8.7088774e-01  -8.4116649e-03  -1.1298606e+00  -6.5685088e-01  -3.7699683e-01  -6.5306071e-01   1.1224824e+00
  -5.7187301e-01  -3.1548713e-01   7.5729595e-01   4.6076399e-01  -4.9141245e-01   8.7092681e-01  -8.2653074e-03  -1.1298335e+00  -6.5691940e-01  -3.7685856e-01  -6.5307161e-01   1.1224140e+00
  -5.7183917e-01  -3.1555028e-01   7.5729514e-01   4.6079883e-01  -4.9135320e-01   8.7096169e-01  -8.1115220e-03  -1.1298043e+00  -6.5699311e-01  -3.7672509e-01  -6.5307444e-01   1.1223488e+00
  -5.7181274e-01  -3.1562301e-01   7.5728480e-01   4.6083575e-01  -4.9129576e-01   8.7099552e-01  -7.9533174e-03  -1.1297716e+00  -6.5705911e-01  -3.7658581e-01  -6.5308838e-01   1.1222817e+00
  -5.7176574e-01  -3.1568544e-01   7.5729428e-01   4.6087489e-01  -4.9124481e-01   8.7102568e-01  -7.7999310e-03  -1.1297423e+00  -6.5713808e-01  -3.7646384e-01  -6.5307927e-01   1.1222201e+00
  -5.7173183e-01  -3.1574489e-01   7.5729510e-01   4.6091007e-01  -4.9117845e-01   8.7106450e-01  -7.6432592e-03  -1.1297118e+00  -6.5721721e-01  -3.7632413e-01  -6.5308017e-01   1.1221515e+00
  -5.7169405e-01  -3.1580793e-01   7.5729738e-01   4.6094810e-01  -4.9111487e-01   8.7110173e-01  -7.4826948e-03  -1.1296817e+00  -6.5729759e-01  -3.7618501e-01  -6.5307943e-01   1.1220833e+00
  -5.7164997e-01  -3.1587765e-01   7.5730154e-01   4.6098688e-01  -4.9105734e-01   8.7113557e-01  -7.3163346e-03  -1.1296496e+00  -6.5737890e-01  -3.7604808e-01  -6.5307645e-01   1.1220179e+00
  -5.7156687e-01  -3.1600537e-01   7.5731099e-01   4.6106226e-01  -4.9094251e-01   8.7120286e-01  -7.0006601e-03  -1.1295899e+00  -6.5753692e-01  -3.7578471e-01  -6.5306896e-01   1.1218886e+00
  -5.7152831e-01  -3.1606190e-01   7.5731650e-01   4.6109832e-01  -4.9087494e-01   8.7124220e-01  -6.8432192e-03  -1.1295591e+00  -6.5762084e-01  -3.7564599e-01  -6.5306426e-01   1.1218205e+00
  -5.7149469e-01  -3.1613170e-01   7.5731273e-01   4.6113249e-01  -4.9082320e-01   8.7127254e-01  -6.6894012e-03  -1.1295311e+00  -6.5768873e-01  -3.7551685e-01  -6.5307015e-01   1.1217567e+00
  -5.7146301e-01  -3.1619592e-01   7.5730983e-01   4.6117064e-01  -4.9076249e-01   8.7130791e-01  -6.5344475e-03  -1.1294992e+00  -6.5776150e-01  -3.7538070e-01  -6.5307511e-01   1.1216909e+00
  -5.7143948e-01  -3.1625775e-01   7.5730177e-01   4.6120309e-01  -4.9070477e-01   8.7134148e-01  -6.3905466e-03  -1.1294733e+00  -6.5782501e-01  -3.7525064e-01  -6.5308592e-01   1.1216251e+00
  -5.7140765e-01  -3.1631343e-01   7.5730251e-01   4.6123455e-01  -4.9063720e-01   8.7138063e-01  -6.2385473e-03  -1.1294448e+00  -6.5790306e-01  -3.7511276e-01  -6.5308652e-01   1.1215560e+00
  -5.7138465e-01  -3.1637411e-01   7.5729454e-01   4.6126631e-01  -4.9057307e-01   8.7141780e-01  -6.0899487e-03  -1.1294188e+00  -6.5797084e-01  -3.7497527e-01  -6.5309717e-01   1.1214878e+00
  -5.7135896e-01  -3.1643730e-01   7.5728748e-01   4.6129943e-01  -4.9051186e-01   8.7145328e-01  -5.9396830e-03  -1.1293908e+00  -6.5803876e-01  -3.7483946e-01  -6.5310668e-01   1.1214188e+00
  -5.7133668e-01  -3.1649184e-01   7.5728154e-01   4.6133209e-01  -4.9045147e-01   8.7148823e-01  -5.8023527e-03  -1.1293661e+00  -6.5810315e-01  -3.7471218e-01  -6.5311488e-01   1.1213519e+00
  -5.7129547e-01  -3.1656655e-01   7.5728137e-01   4.6137430e-01  -4.9040120e-01   8.7151757e-01  -5.6394830e-03  -1.1293338e+00  -6.5817636e-01  -3.7458077e-01  -6.5311644e-01   1.1212890e+00
  -5.7121724e-01  -3.1669531e-01   7.5728657e-01   4.6145013e-01  -4.9029091e-01   8.7158157e-01  -5.3306162e-03  -1.1292771e+00  -6.5832645e-01  -3.7432296e-01  -6.5311300e-01   1.1211594e+00
  -5.7117241e-01  -3.1675187e-01   7.5729674e-01   4.6148845e-01  -4.9023082e-01   8.7161630e-01  -5.1765837e-03  -1.1292472e+00  -6.5841009e-01  -3.7419420e-01  -6.5310249e-01   1.1210954e+00
  -5.7112866e-01  -3.1683354e-01   7.5729559e-01   4.6153209e-01  -4.9018370e-01   8.7164377e-01  -5.0072607e-03  -1.1292143e+00  -6.5848312e-01  -3.7406100e-01  -6.5310517e-01   1.1210308e+00
  -5.7107911e-01  -3.1689221e-01   7.5730838e-01   4.6156932e-01  -4.9012236e-01   8.7167919e-01  -4.8464971e-03  -1.1291852e+00  -6.5857175e-01  -3.7392879e-01  -6.5309152e-01   1.1209658e+00
  -5.7105454e-01  -3.1696291e-01   7.5729730e-01   4.6160567e-01  -4.9006785e-01   8.7171067e-01  -4.6950297e-03  -1.1291559e+00  -6.5863359e-01  -3.7379548e-01  -6.5310544e-01   1.1208978e+00
  -5.7101223e-01  -3.1702808e-01   7.5730197e-01   4.6164490e-01  -4.9001194e-01   8.7174294e-01  -4.5369023e-03  -1.1291276e+00  -6.5871191e-01  -3.7366494e-01  -6.5310119e-01   1.1208333e+00
  -5.7097680e-01  -3.1709268e-01   7.5730161e-01   4.6168183e-01  -4.8995826e-01   8.7177389e-01  -4.3862219e-03  -1.1290998e+00  -6.5878251e-01  -3.7353791e-01  -6.5310261e-01   1.1207694e+00
  -5.7093562e-01  -3.1715756e-01   7.5730550e-01   4.6172119e-01  -4.8990386e-01   8.7180520e-01  -4.2307424e-03  -1.1290708e+00  -6.5885863e-01  -3.7340966e-01  -6.5309918e-01   1.1207046e+00
  -5.7091538e-01  -3.1720808e-01   7.5729960e-01   4.6174884e-01  -4.8983611e-01   8.7184393e-01  -4.0922134e-03  -1.1290473e+00  -6.5892657e-01  -3.7327630e-01  -6.5310684e-01   1.1206363e+00
  -5.7087537e-01  -3.1728148e-01   7.5729900e-01   4.6178805e-01  -4.8978974e-01   8.7187069e-01  -3.9356349e-03  -1.1290199e+00  -6.5899570e-01  -3.7315135e-01  -6.5310852e-01   1.1205735e+00
  -5.7085140e-01  -3.1734281e-01   7.5729139e-01   4.6182340e-01  -4.8973959e-01   8.7189947e-01  -3.7997163e-03  -1.1289950e+00  -6.5905375e-01  -3.7303195e-01  -6.5311816e-01   1.1205106e+00
  -5.7080268e-01  -3.1741510e-01   7.5729783e-01   4.6186303e-01  -4.8969376e-01   8.7192591e-01  -3.6393180e-03  -1.1289665e+00  -6.5913001e-01  -3.7290867e-01  -6.5311163e-01   1.1204506e+00
  -5.7074423e-01  -3.1753404e-01   7.5729197e-01   4.6193125e-01  -4.8957666e-01   8.7199281e-01  -3.3483020e-03  -1.1289138e+00  -6.5926755e-01  -3.7265084e-01  -6.5311992e-01   1.1203191e+00
  -5.7070315e-01  -3.1759875e-01   7.5729582e-01   4.6197002e-01  -4.8952465e-01   8.7202257e-01  -3.1955353e-03  -1.1288867e+00  -6.5934174e-01  -3.7252601e-01  -6.5311624e-01   1.1202554e+00
  -5.7066849e-01  -3.1766061e-01   7.5729598e-01   4.6200666e-01  -4.8946768e-01   8.7205513e-01  -3.0453200e-03  -1.1288585e+00  -6.5941403e-01  -3.7239713e-01  -6.5311675e-01   1.1201902e+00
  -5.7063006e-01  -3.1773396e-01   7.5729419e-01   4.6204464e-01  -4.8942017e-01   8.7208231e-01  -2.8888246e-03  -1.1288309e+00  -6.5948254e-01  -3.7227084e-01  -6.5311961e-01   1.1201260e+00
  -5.7057211e-01  -3.1780297e-01   7.5730883e-01   4.6209202e-01  -4.8937777e-01   8.7210662e-01  -2.7297456e-03  -1.1288007e+00  -6.5956410e-01  -3.7215501e-01  -6.5310322e-01   1.1200680e+00
  -5.7054429e-01  -3.1786008e-01   7.5730587e-01   4.6212275e-01  -4.8931732e-01   8.7214097e-01  -2.5860440e-03  -1.1287784e+00  -6.5963304e-01  -3.7202568e-01  -6.5310730e-01   1.1200008e+00
  -5.7050431e-01  -3.1792575e-01   7.5730844e-01   4.6216246e-01  -4.8926825e-01   8.7216892e-01  -2.4358443e-03  -1.1287518e+00  -6.5970406e-01  -3.7190398e-01  -6.5310488e-01   1.1199376e+00
  -5.7046933e-01  -3.1798790e-01   7.5730867e-01   4.6220012e-01  -4.8921522e-01   8.7219906e-01  -2.2890862e-03  -1.1287243e+00  -6.5977360e-01  -3.7178013e-01  -6.5310513e-01   1.1198740e+00
  -5.7043463e-01  -3.1805070e-01   7.5730846e-01   4.6223647e-01  -4.8916274e-01   8.7222889e-01  -2.1422723e-03  -1.1286981e+00  -6.5984250e-01  -3.7165646e-01  -6.5310593e-01   1.1198107e+00
  -5.7039203e-01  -3.1811803e-01   7.5731224e-01   4.6227628e-01  -4.8911660e-01   8.7225510e-01  -1.9914512e-03  -1.1286725e+00  -6.5991352e-01  -3.7153724e-01  -6.5310198e-01   1.1197487e+00
  -5.7032754e-01  -3.1824315e-01   7.5730823e-01   4.6234756e-01  -4.8900733e-01   8.7231702e-01  -1.6973932e-03  -1.1286215e+00  -6.6005022e-01  -3.7128474e-01  -6.5310743e-01   1.1196184e+00
  -5.7028928e-01  -3.1831036e-01   7.5730880e-01   4.6238460e-01  -4.8895728e-01   8.7234535e-01  -1.5456443e-03  -1.1285935e+00  -6.6012037e-01  -3.7116052e-01  -6.5310714e-01   1.1195567e+00
  -5.7024913e-01  -3.1837625e-01   7.5731135e-01   4.6242672e-01  -4.8891326e-01   8.7237026e-01  -1.4002011e-03  -1.1285675e+00  -6.6018763e-01  -3.7104542e-01  -6.5310456e-01   1.1194962e+00
  -5.7019877e-01  -3.1843869e-01   7.5732300e-01   4.6246676e-01  -4.8886148e-01   8.7239950e-01  -1.2444694e-03  -1.1285384e+00  -6.6026946e-01  -3.7092303e-01  -6.5309132e-01   1.1194346e+00
  -5.7015175e-01  -3.1850998e-01   7.5732845e-01   4.6250687e-01  -4.8882054e-01   8.7242264e-01  -1.0913964e-03  -1.1285125e+00  -6.6034043e-01  -3.7080735e-01  -6.5308531e-01   1.1193759e+00
  -5.7011665e-01  -3.1857862e-01   7.5732598e-01   4.6254652e-01  -4.8877470e-01   8.7244852e-01  -9.4432695e-04  -1.1284847e+00  -6.6040461e-01  -3.7068757e-01  -6.5308839e-01   1.1193146e+00
  -5.7008525e-01  -3.1864745e-01   7.5732067e-01   4.6258150e-01  -4.8872465e-01   8.7247669e-01  -7.9520516e-04  -1.1284587e+00  -6.6046878e-01  -3.7056202e-01  -6.5309475e-01   1.1192516e+00
  -5.7006184e-01  -3.1870933e-01   7.5731226e-01   4.6261483e-01  -4.8867364e-01   8.7250540e-01  -6.5834917e-04  -1.1284352e+00  -6.6052672e-01  -3.7044128e-01  -6.5310465e-01   1.1191882e+00
  -5.7004121e-01  -3.1877086e-01   7.5730188e-01   4.6264725e-01  -4.8861810e-01   8.7253658e-01  -5.1923501e-04  -1.1284110e+00  -6.6058562e-01  -3.7031481e-01  -6.5311682e-01   1.1191223e+00
  -5.7001396e-01  -3.1882775e-01   7.5729847e-01   4.6268068e-01  -4.8856441e-01   8.7256670e-01  -3.8296894e-04  -1.1283879e+00  -6.6064888e-01  -3.7019479e-01  -6.5312086e-01   1.1190590e+00
  -5.6999221e-01  -3.1888873e-01   7.5728918e-01   4.6271098e-01  -4.8850539e-01   8.7259981e-01  -2.4033779e-04  -1.1283652e+00  -6.6071129e-01  -3.7006425e-01  -6.5313174e-01   1.1189911e+00
  -5.6995853e-01  -3.1894668e-01   7.5729009e-01   4.6274710e-01  -4.8845710e-01   8.7262687e-01  -1.0410977e-04  -1.1283409e+00  -6.6077602e-01  -3.6995049e-01  -6.5313066e-01   1.1189296e+00
  -5.6990285e-01  -3.1907307e-01   7.5727874e-01   4.6281589e-01  -4.8835403e-01   8.7268453e-01   1.7930240e-04  -1.1282920e+00  -6.6090020e-01  -3.6970538e-01  -6.5314380e-01   1.1188040e+00
  -5.6987132e-01  -3.1914395e-01   7.5727264e-01   4.6285530e-01  -4.8831039e-01   8.7270890e-01   3.2446250e-04  -1.1282653e+00  -6.6095967e-01  -3.6958661e-01  -6.5315087e-01   1.1187423e+00
  -5.6982675e-01  -3.1919818e-01   7.5728331e-01   4.6289147e-01  -4.8825415e-01   8.7274032e-01   4.7124599e-04  -1.1282405e+00  -6.6103964e-01  -3.6946563e-01  -6.5313839e-01   1.1186797e+00
  -5.6978040e-01  -3.1926514e-01   7.5728996e-01   4.6293140e-01  -4.8820659e-01   8.7276685e-01   6.2524225e-04  -1.1282122e+00  -6.6111471e-01  -3.6934514e-01  -6.5313057e-01   1.1186179e+00
  -5.6973926e-01  -3.1933406e-01   7.5729184e-01   4.6297323e-01  -4.8816630e-01   8.7278923e-01   7.7097088e-04  -1.1281849e+00  -6.6117990e-01  -3.6923255e-01  -6.5312819e-01   1.1185611e+00
  -5.6969642e-01  -3.1939616e-01   7.5729785e-01   4.6301123e-01  -4.8811998e-01   8.7281504e-01   9.1583763e-04  -1.1281591e+00  -6.6125096e-01  -3.6911794e-01  -6.5312104e-01   1.1185025e+00
  -5.6964900e-01  -3.1946134e-01   7.5730606e-01   4.6305012e-01  -4.8807423e-01   8.7284042e-01   1.0666059e-03  -1.1281314e+00  -6.6132557e-01  -3.6900144e-01  -6.5311136e-01   1.1184434e+00
  -5.6960984e-01  -3.1953355e-01   7.5730504e-01   4.6309144e-01  -4.8803648e-01   8.7286133e-01   1.2123017e-03  -1.1281044e+00  -6.6138717e-01  -3.6888939e-01  -6.5311228e-01   1.1183857e+00
  -5.6957839e-01  -3.1960259e-01   7.5729957e-01   4.6312642e-01  -4.8799041e-01   8.7288686e-01   1.3575878e-03  -1.1280792e+00  -6.6144825e-01  -3.6876913e-01  -6.5311831e-01   1.1183251e+00
  -5.6956151e-01  -3.1965869e-01   7.5728858e-01   4.6315707e-01  -4.8793307e-01   8.7291873e-01   1.4897120e-03  -1.1280554e+00  -6.6150508e-01  -3.6864513e-01  -6.5313079e-01   1.1182618e+00
  -5.6954156e-01  -3.1971274e-01   7.5728077e-01   4.6318497e-01  -4.8787841e-01   8.7294905e-01   1.6187863e-03  -1.1280349e+00  -6.6156259e-01  -3.6852643e-01  -6.5313954e-01   1.1181980e+00
  -5.6950665e-01  -3.1983416e-01   7.5725579e-01   4.6324813e-01  -4.8777181e-01   8.7300808e-01   1.8864545e-03  -1.1279901e+00  -6.6167128e-01  -3.6828114e-01  -6.5316777e-01   1.1180694e+00
  -5.6947610e-01  -3.1989378e-01   7.5725357e-01   4.6328221e-01  -4.8772495e-01   8.7303393e-01   2.0210276e-03  -1.1279675e+00  -6.6173209e-01  -3.6816799e-01  -6.5316995e-01   1.1180098e+00
  -5.6944817e-01  -3.1995200e-01   7.5724995e-01   4.6331632e-01  -4.8767743e-01   8.7306016e-01   2.1529409e-03  -1.1279438e+00  -6.6179111e-01  -3.6805518e-01  -6.5317372e-01   1.1179490e+00
  -5.6941523e-01  -3.2002159e-01   7.5724531e-01   4.6335612e-01  -4.8763566e-01   8.7308315e-01   2.2955504e-03  -1.1279171e+00  -6.6185024e-01  -3.6794019e-01  -6.5317857e-01   1.1178892e+00
  -5.6937761e-01  -3.2009643e-01   7.5724194e-01   4.6339434e-01  -4.8759282e-01   8.7310667e-01   2.4482202e-03  -1.1278912e+00  -6.6191415e-01  -3.6781928e-01  -6.5318193e-01   1.1178295e+00
  -5.6933364e-01  -3.2015408e-01   7.5725065e-01   4.6343325e-01  -4.8754587e-01   8.7313248e-01   2.5891768e-03  -1.1278655e+00  -6.6198656e-01  -3.6770782e-01  -6.5317127e-01   1.1177714e+00
  -5.6929644e-01  -3.2022820e-01   7.5724727e-01   4.6347463e-01  -4.8750749e-01   8.7315345e-01   2.7363340e-03  -1.1278369e+00  -6.6204683e-01  -3.6759343e-01  -6.5317459e-01   1.1177136e+00
  -5.6925896e-01  -3.2028828e-01   7.5725006e-01   4.6351261e-01  -4.8745836e-01   8.7318041e-01   2.8780506e-03  -1.1278118e+00  -6.6211521e-01  -3.6747701e-01  -6.5317079e-01   1.1176522e+00
  -5.6922612e-01  -3.2035362e-01   7.5724709e-01   4.6354962e-01  -4.8740970e-01   8.7320710e-01   3.0224175e-03  -1.1277852e+00  -6.6217924e-01  -3.6735666e-01  -6.5317354e-01   1.1175907e+00
  -5.6918147e-01  -3.2040985e-01   7.5725690e-01   4.6358589e-01  -4.8735932e-01   8.7323473e-01   3.1655260e-03  -1.1277608e+00  -6.6225477e-01  -3.6724198e-01  -6.5316151e-01   1.1175315e+00
  -5.6911596e-01  -3.2054671e-01   7.5724822e-01   4.6365937e-01  -4.8727186e-01   8.7328242e-01   3.4514682e-03  -1.1277113e+00  -6.6237540e-01  -3.6700895e-01  -6.5317016e-01   1.1174113e+00
  -5.6908455e-01  -3.2060437e-01   7.5724738e-01   4.6369396e-01  -4.8722111e-01   8.7331020e-01   3.5881062e-03  -1.1276861e+00  -6.6243972e-01  -3.6689251e-01  -6.5317034e-01   1.1173514e+00
  -5.6906409e-01  -3.2066467e-01   7.5723723e-01   4.6372672e-01  -4.8717642e-01   8.7333460e-01   3.7147050e-03  -1.1276651e+00  -6.6249011e-01  -3.6678174e-01  -6.5318146e-01   1.1172914e+00
  -5.6903601e-01  -3.2073983e-01   7.5722653e-01   4.6376519e-01  -4.8714194e-01   8.7335324e-01   3.8533649e-03  -1.1276396e+00  -6.6253966e-01  -3.6667162e-01  -6.5319304e-01   1.1172345e+00
  -5.6900331e-01  -3.2080563e-01   7.5722322e-01   4.6380187e-01  -4.8709896e-01   8.7337657e-01   3.9924971e-03  -1.1276157e+00  -6.6259931e-01  -3.6655843e-01  -6.5319604e-01   1.1171752e+00
  -5.6897223e-01  -3.2086864e-01   7.5721986e-01   4.6383684e-01  -4.8705361e-01   8.7340127e-01   4.1297064e-03  -1.1275915e+00  -6.6265933e-01  -3.6644453e-01  -6.5319909e-01   1.1171164e+00
  -5.6895770e-01  -3.2093034e-01   7.5720462e-01   4.6386861e-01  -4.8700268e-01   8.7342902e-01   4.2603439e-03  -1.1275685e+00  -6.6270925e-01  -3.6632427e-01  -6.5321586e-01   1.1170527e+00
  -5.6893453e-01  -3.2099761e-01   7.5719349e-01   4.6390273e-01  -4.8696049e-01   8.7345186e-01   4.3942777e-03  -1.1275457e+00  -6.6276010e-01  -3.6621081e-01  -6.5322788e-01   1.1169915e+00
  -5.6890432e-01  -3.2106208e-01   7.5718891e-01   4.6393917e-01  -4.8692488e-01   8.7347105e-01   4.5230173e-03  -1.1275244e+00  -6.6281225e-01  -3.6610849e-01  -6.5323235e-01   1.1169359e+00
  -5.6882976e-01  -3.2119349e-01   7.5718919e-01   4.6401699e-01  -4.8684210e-01   8.7351573e-01   4.8036644e-03  -1.1274737e+00  -6.6293700e-01  -3.6588667e-01  -6.5323007e-01   1.1168217e+00
  -5.6879914e-01  -3.2125808e-01   7.5718478e-01   4.6405271e-01  -4.8680016e-01   8.7353831e-01   4.9389949e-03  -1.1274505e+00  -6.6299407e-01  -3.6577592e-01  -6.5323414e-01   1.1167635e+00
  -5.6877508e-01  -3.2132244e-01   7.5717552e-01   4.6408723e-01  -4.8675693e-01   8.7356164e-01   5.0711491e-03  -1.1274260e+00  -6.6304643e-01  -3.6566365e-01  -6.5324381e-01   1.1167052e+00
  -5.6873514e-01  -3.2140063e-01   7.5717237e-01   4.6413162e-01  -4.8672739e-01   8.7357730e-01   5.2159087e-03  -1.1273992e+00  -6.6310243e-01  -3.6555764e-01  -6.5324635e-01   1.1166494e+00
  -5.6870804e-01  -3.2145619e-01   7.5716914e-01   4.6416273e-01  -4.8667731e-01   8.7360435e-01   5.3465398e-03  -1.1273769e+00  -6.6316242e-01  -3.6544397e-01  -6.5324907e-01   1.1165904e+00
  -5.6868031e-01  -3.2152339e-01   7.5716141e-01   4.6420041e-01  -4.8663845e-01   8.7362519e-01   5.4799488e-03  -1.1273541e+00  -6.6321465e-01  -3.6533509e-01  -6.5325692e-01   1.1165313e+00
  -5.6865574e-01  -3.2158261e-01   7.5715473e-01   4.6423238e-01  -4.8659219e-01   8.7365013e-01   5.6094655e-03  -1.1273344e+00  -6.6326967e-01  -3.6522330e-01  -6.5326355e-01   1.1164706e+00
  -5.6861719e-01  -3.2165191e-01   7.5715424e-01   4.6427492e-01  -4.8655736e-01   8.7366866e-01   5.7482344e-03  -1.1273080e+00  -6.6332830e-01  -3.6511801e-01  -6.5326291e-01   1.1164147e+00
  -5.6860203e-01  -3.2171879e-01   7.5713721e-01   4.6430662e-01  -4.8651582e-01   8.7369089e-01   5.8759284e-03  -1.1272870e+00  -6.6337174e-01  -3.6500575e-01  -6.5328152e-01   1.1163549e+00
  -5.6857396e-01  -3.2179057e-01   7.5712779e-01   4.6434205e-01  -4.8648014e-01   8.7370986e-01   6.0117671e-03  -1.1272639e+00  -6.6342201e-01  -3.6489709e-01  -6.5329117e-01   1.1162971e+00
  -5.6849861e-01  -3.2191478e-01   7.5713157e-01   4.6441806e-01  -4.8639956e-01   8.7375284e-01   6.2822335e-03  -1.1272148e+00  -6.6354564e-01  -3.6468461e-01  -6.5328424e-01   1.1161874e+00
  -5.6846350e-01  -3.2197198e-01   7.5713362e-01   4.6445189e-01  -4.8635133e-01   8.7377868e-01   6.4179661e-03  -1.1271909e+00  -6.6361104e-01  -3.6457216e-01  -6.5328060e-01   1.1161296e+00
  -5.6842178e-01  -3.2204291e-01   7.5713476e-01   4.6449269e-01  -4.8631895e-01   8.7379567e-01   6.5581783e-03  -1.1271652e+00  -6.6367054e-01  -3.6446877e-01  -6.5327786e-01   1.1160746e+00
  -5.6838936e-01  -3.2211067e-01   7.5713025e-01   4.6452913e-01  -4.8627852e-01   8.7381713e-01   6.6966842e-03  -1.1271400e+00  -6.6372789e-01  -3.6435746e-01  -6.5328166e-01   1.1160194e+00
  -5.6836890e-01  -3.2217377e-01   7.5711878e-01   4.6456444e-01  -4.8623913e-01   8.7383808e-01   6.8212722e-03  -1.1271172e+00  -6.6377429e-01  -3.6425141e-01  -6.5329366e-01   1.1159621e+00
  -5.6834062e-01  -3.2224760e-01   7.5710857e-01   4.6460367e-01  -4.8621006e-01   8.7385319e-01   6.9529796e-03  -1.1270941e+00  -6.6381977e-01  -3.6414975e-01  -6.5330408e-01   1.1159058e+00
  -5.6832382e-01  -3.2230161e-01   7.5709822e-01   4.6463297e-01  -4.8615925e-01   8.7388047e-01   7.0759894e-03  -1.1270746e+00  -6.6387139e-01  -3.6403647e-01  -6.5331480e-01   1.1158459e+00
  -5.6830847e-01  -3.2237277e-01   7.5707942e-01   4.6466497e-01  -4.8612127e-01   8.7390056e-01   7.2051936e-03  -1.1270522e+00  -6.6391233e-01  -3.6392527e-01  -6.5333515e-01   1.1157866e+00
  -5.6830284e-01  -3.2243313e-01   7.5705796e-01   4.6469713e-01  -4.8607216e-01   8.7392689e-01   7.3267660e-03  -1.1270302e+00  -6.6395313e-01  -3.6380861e-01  -6.5335869e-01   1.1157238e+00
  -5.6827823e-01  -3.2248968e-01   7.5705237e-01   4.6472849e-01  -4.8602831e-01   8.7395021e-01   7.4507890e-03  -1.1270106e+00  -6.6400631e-01  -3.6370238e-01  -6.5336375e-01   1.1156664e+00
  -5.6820290e-01  -3.2263351e-01   7.5704758e-01   4.6481098e-01  -4.8595475e-01   8.7398861e-01   7.7367902e-03  -1.1269558e+00  -6.6412454e-01  -3.6348244e-01  -6.5336596e-01   1.1155533e+00
  -5.6817383e-01  -3.2270134e-01   7.5704054e-01   4.6484778e-01  -4.8591447e-01   8.7400983e-01   7.8730631e-03  -1.1269320e+00  -6.6417890e-01  -3.6337131e-01  -6.5337255e-01   1.1154948e+00
  -5.6813104e-01  -3.2276886e-01   7.5704382e-01   4.6488901e-01  -4.8588189e-01   8.7402665e-01   8.0101508e-03  -1.1269058e+00  -6.6423935e-01  -3.6327074e-01  -6.5336701e-01   1.1154426e+00
  -5.6809638e-01  -3.2284689e-01   7.5703657e-01   4.6493199e-01  -4.8585419e-01   8.7404077e-01   8.1493367e-03  -1.1268809e+00  -6.6428924e-01  -3.6316743e-01  -6.5337372e-01   1.1153871e+00
  -5.6806487e-01  -3.2291643e-01   7.5703055e-01   4.6497032e-01  -4.8581802e-01   8.7405960e-01   8.2850892e-03  -1.1268573e+00  -6.6434262e-01  -3.6306028e-01  -6.5337897e-01   1.1153300e+00
  -5.6803061e-01  -3.2298972e-01   7.5702502e-01   4.6500870e-01  -4.8578217e-01   8.7407821e-01   8.4265681e-03  -1.1268308e+00  -6.6439815e-01  -3.6295038e-01  -6.5338361e-01   1.1152746e+00
  -5.6799928e-01  -3.2304984e-01   7.5702285e-01   4.6504595e-01  -4.8574439e-01   8.7409793e-01   8.5529186e-03  -1.1268086e+00  -6.6445256e-01  -3.6284922e-01  -6.5338443e-01   1.1152193e+00
  -5.6797560e-01  -3.2312472e-01   7.5700869e-01   4.6508260e-01  -4.8570792e-01   8.7411689e-01   8.6901673e-03  -1.1267831e+00  -6.6449950e-01  -3.6273697e-01  -6.5339906e-01   1.1151617e+00
  -5.6795372e-01  -3.2318406e-01   7.5699977e-01   4.6511358e-01  -4.8566165e-01   8.7414131e-01   8.8179726e-03  -1.1267606e+00  -6.6455201e-01  -3.6262525e-01  -6.5340764e-01   1.1151037e+00
  -5.6789838e-01  -3.2331975e-01   7.5698335e-01   4.6518631e-01  -4.8558649e-01   8.7418036e-01   9.0833972e-03  -1.1267115e+00  -6.6465420e-01  -3.6241010e-01  -6.5342309e-01   1.1149922e+00
  -5.6787873e-01  -3.2337951e-01   7.5697256e-01   4.6521778e-01  -4.8553803e-01   8.7420588e-01   9.2123986e-03  -1.1266897e+00  -6.6470636e-01  -3.6229511e-01  -6.5343377e-01   1.1149311e+00
  -5.6785999e-01  -3.2345238e-01   7.5695548e-01   4.6525426e-01  -4.8551153e-01   8.7421931e-01   9.3344349e-03  -1.1266672e+00  -6.6474175e-01  -3.6219764e-01  -6.5345181e-01   1.1148772e+00
  -5.6784741e-01  -3.2351777e-01   7.5693697e-01   4.6528696e-01  -4.8546666e-01   8.7424286e-01   9.4619395e-03  -1.1266439e+00  -6.6478525e-01  -3.6208240e-01  -6.5347142e-01   1.1148176e+00
  -5.6782821e-01  -3.2358642e-01   7.5692199e-01   4.6532221e-01  -4.8543217e-01   8.7426065e-01   9.5872382e-03  -1.1266218e+00  -6.6482683e-01  -3.6197808e-01  -6.5348690e-01   1.1147598e+00
  -5.6780347e-01  -3.2365127e-01   7.5691285e-01   4.6535785e-01  -4.8539936e-01   8.7427749e-01   9.7099426e-03  -1.1266008e+00  -6.6487189e-01  -3.6187936e-01  -6.5349574e-01   1.1147074e+00
  -5.6776607e-01  -3.2372244e-01   7.5691049e-01   4.6539792e-01  -4.8536394e-01   8.7429560e-01   9.8504964e-03  -1.1265737e+00  -6.6492975e-01  -3.6177197e-01  -6.5349636e-01   1.1146528e+00
  -5.6773650e-01  -3.2380092e-01   7.5689909e-01   4.6543913e-01  -4.8532980e-01   8.7431298e-01   9.9932958e-03  -1.1265450e+00  -6.6497992e-01  -3.6165985e-01  -6.5350734e-01   1.1145943e+00
  -5.6768837e-01  -3.2387721e-01   7.5690253e-01   4.6548334e-01  -4.8530246e-01   8.7432642e-01   1.0138487e-02  -1.1265178e+00  -6.6504092e-01  -3.6155885e-01  -6.5350116e-01   1.1145441e+00
  -5.6764832e-01  -3.2394301e-01   7.5690442e-01   4.6552422e-01  -4.8526180e-01   8.7434738e-01   1.0279577e-02  -1.1264896e+00  -6.6510475e-01  -3.6144933e-01  -6.5349679e-01   1.1144882e+00
  -5.6758615e-01  -3.2408817e-01   7.5688893e-01   4.6560268e-01  -4.8519757e-01   8.7437982e-01   1.0549391e-02  -1.1264386e+00  -6.6520469e-01  -3.6124069e-01  -6.5351043e-01   1.1143783e+00
  -5.6756165e-01  -3.2415255e-01   7.5687973e-01   4.6563668e-01  -4.8515184e-01   8.7440354e-01   1.0684060e-02  -1.1264150e+00  -6.6525894e-01  -3.6112545e-01  -6.5351890e-01   1.1143180e+00
  -5.6755334e-01  -3.2422048e-01   7.5685687e-01   4.6567036e-01  -4.8511240e-01   8.7442390e-01   1.0806521e-02  -1.1263939e+00  -6.6529482e-01  -3.6101508e-01  -6.5354336e-01   1.1142584e+00
  -5.6753790e-01  -3.2430354e-01   7.5683281e-01   4.6570971e-01  -4.8508844e-01   8.7443562e-01   1.0935674e-02  -1.1263693e+00  -6.6532541e-01  -3.6091218e-01  -6.5356905e-01   1.1142033e+00
  -5.6749374e-01  -3.2436484e-01   7.5683970e-01   4.6575027e-01  -4.8504936e-01   8.7445553e-01   1.1072570e-02  -1.1263434e+00  -6.6539161e-01  -3.6080872e-01  -6.5355876e-01   1.1141490e+00
  -5.6748165e-01  -3.2444089e-01   7.5681617e-01   4.6578300e-01  -4.8501193e-01   8.7447466e-01   1.1204763e-02  -1.1263196e+00  -6.6542919e-01  -3.6069411e-01  -6.5358379e-01   1.1140886e+00
  -5.6744397e-01  -3.2451054e-01   7.5681457e-01   4.6582370e-01  -4.8497595e-01   8.7449281e-01   1.1344192e-02  -1.1262933e+00  -6.6548757e-01  -3.6058742e-01  -6.5358321e-01   1.1140347e+00
  -5.6740133e-01  -3.2458173e-01   7.5681597e-01   4.6586428e-01  -4.8494407e-01   8.7450863e-01   1.1484442e-02  -1.1262657e+00  -6.6554711e-01  -3.6048487e-01  -6.5357916e-01   1.1139837e+00
  -5.6737648e-01  -3.2464565e-01   7.5680719e-01   4.6590154e-01  -4.8490551e-01   8.7452834e-01   1.1611719e-02  -1.1262413e+00  -6.6559639e-01  -3.6037950e-01  -6.5358705e-01   1.1139273e+00
  -5.6731157e-01  -3.2479732e-01   7.5679079e-01   4.6598463e-01  -4.8485021e-01   8.7455536e-01   1.1881865e-02  -1.1261882e+00  -6.6569199e-01  -3.6017720e-01  -6.5360121e-01   1.1138219e+00
  -5.6727134e-01  -3.2487094e-01   7.5678935e-01   4.6602657e-01  -4.8481989e-01   8.7457025e-01   1.2021864e-02  -1.1261609e+00  -6.6574836e-01  -3.6007462e-01  -6.5360031e-01   1.1137698e+00
  -5.6725353e-01  -3.2493977e-01   7.5677315e-01   4.6606197e-01  -4.8478470e-01   8.7458804e-01   1.2147094e-02  -1.1261376e+00  -6.6578917e-01  -3.5996931e-01  -6.5361677e-01   1.1137135e+00
  -5.6723911e-01  -3.2500975e-01   7.5675387e-01   4.6609690e-01  -4.8475014e-01   8.7460545e-01   1.2270902e-02  -1.1261142e+00  -6.6582659e-01  -3.5986379e-01  -6.5363674e-01   1.1136573e+00
  -5.6721956e-01  -3.2508904e-01   7.5673451e-01   4.6613736e-01  -4.8472152e-01   8.7461946e-01   1.2402908e-02  -1.1260879e+00  -6.6586413e-01  -3.5975811e-01  -6.5365667e-01   1.1136012e+00
  -5.6719485e-01  -3.2516426e-01   7.5672071e-01   4.6617446e-01  -4.8469105e-01   8.7463450e-01   1.2535158e-02  -1.1260630e+00  -6.6590737e-01  -3.5965365e-01  -6.5367015e-01   1.1135474e+00
  -5.6716233e-01  -3.2524038e-01   7.5671236e-01   4.6621414e-01  -4.8466228e-01   8.7464846e-01   1.2671678e-02  -1.1260374e+00  -6.6595601e-01  -3.5955080e-01  -6.5367715e-01   1.1134931e+00
  -5.6714387e-01  -3.2530630e-01   7.5669784e-01   4.6625185e-01  -4.8462561e-01   8.7466698e-01   1.2795359e-02  -1.1260138e+00  -6.6599837e-01  -3.5944613e-01  -6.5369153e-01   1.1134369e+00
  -5.6713704e-01  -3.2537647e-01   7.5667282e-01   4.6628377e-01  -4.8458397e-01   8.7468819e-01   1.2921596e-02  -1.1259885e+00  -6.6603451e-01  -3.5933098e-01  -6.5371807e-01   1.1133764e+00
  -5.6711035e-01  -3.2544757e-01   7.5666223e-01   4.6632395e-01  -4.8455525e-01   8.7470220e-01   1.3048631e-02  -1.1259645e+00  -6.6607812e-01  -3.5923242e-01  -6.5372776e-01   1.1133241e+00
  -5.6708997e-01  -3.2552723e-01   7.5664323e-01   4.6636126e-01  -4.8452418e-01   8.7471737e-01   1.3183938e-02  -1.1259383e+00  -6.6611807e-01  -3.5912325e-01  -6.5374704e-01   1.1132685e+00
  -5.6706224e-01  -3.2560285e-01   7.5663148e-01   4.6640052e-01  -4.8450204e-01   8.7472773e-01   1.3310355e-02  -1.1259157e+00  -6.6615780e-01  -3.5902947e-01  -6.5375806e-01   1.1132163e+00
  -5.6699093e-01  -3.2574788e-01   7.5662248e-01   4.6648272e-01  -4.8443567e-01   8.7476022e-01   1.3587543e-02  -1.1258607e+00  -6.6626671e-01  -3.5881871e-01  -6.5376279e-01   1.1131097e+00
  -5.6695313e-01  -3.2581465e-01   7.5662206e-01   4.6652312e-01  -4.8440358e-01   8.7477592e-01   1.3719745e-02  -1.1258331e+00  -6.6632221e-01  -3.5871975e-01  -6.5376054e-01   1.1130580e+00
  -5.6691609e-01  -3.2588676e-01   7.5661879e-01   4.6656464e-01  -4.8437352e-01   8.7479046e-01   1.3855686e-02  -1.1258061e+00  -6.6637558e-01  -3.5861891e-01  -6.5376149e-01   1.1130075e+00
  -5.6687746e-01  -3.2596811e-01   7.5661267e-01   4.6660678e-01  -4.8435283e-01   8.7479968e-01   1.3994045e-02  -1.1257787e+00  -6.6642347e-01  -3.5852235e-01  -6.5376561e-01   1.1129579e+00
  -5.6684947e-01  -3.2603846e-01   7.5660335e-01   4.6664466e-01  -4.8432068e-01   8.7481542e-01   1.4124354e-02  -1.1257534e+00  -6.6647067e-01  -3.5842008e-01  -6.5377359e-01   1.1129065e+00
  -5.6681423e-01  -3.2610655e-01   7.5660040e-01   4.6668406e-01  -4.8429306e-01   8.7482860e-01   1.4252110e-02  -1.1257284e+00  -6.6652073e-01  -3.5832583e-01  -6.5377420e-01   1.1128560e+00
  -5.6680997e-01  -3.2617935e-01   7.5657220e-01   4.6671754e-01  -4.8425655e-01   8.7484680e-01   1.4374729e-02  -1.1257052e+00  -6.6655085e-01  -3.5821512e-01  -6.5380419e-01   1.1127981e+00
  -5.6679167e-01  -3.2624765e-01   7.5655645e-01   4.6675203e-01  -4.8422165e-01   8.7486408e-01   1.4499323e-02  -1.1256817e+00  -6.6659178e-01  -3.5811072e-01  -6.5381962e-01   1.1127432e+00
  -5.6678775e-01  -3.2630648e-01   7.5653405e-01   4.6677894e-01  -4.8417768e-01   8.7488655e-01   1.4612935e-02  -1.1256626e+00  -6.6662709e-01  -3.5800230e-01  -6.5384305e-01   1.1126846e+00
  -5.6673779e-01  -3.2646051e-01   7.5650501e-01   4.6685835e-01  -4.8412118e-01   8.7491331e-01   1.4877512e-02  -1.1256106e+00  -6.6671056e-01  -3.5779628e-01  -6.5387066e-01   1.1125756e+00
  -5.6670320e-01  -3.2652248e-01   7.5650415e-01   4.6689722e-01  -4.8408448e-01   8.7493142e-01   1.5006630e-02  -1.1255845e+00  -6.6676659e-01  -3.5769546e-01  -6.5386868e-01   1.1125247e+00
  -5.6668123e-01  -3.2659783e-01   7.5648810e-01   4.6693425e-01  -4.8405028e-01   8.7494806e-01   1.5140903e-02  -1.1255587e+00  -6.6681010e-01  -3.5758605e-01  -6.5388418e-01   1.1124682e+00
  -5.6662566e-01  -3.2667550e-01   7.5649622e-01   4.6698448e-01  -4.8403497e-01   8.7495411e-01   1.5280219e-02  -1.1255296e+00  -6.6686845e-01  -3.5750030e-01  -6.5387157e-01   1.1124234e+00
  -5.6659053e-01  -3.2675662e-01   7.5648747e-01   4.6702480e-01  -4.8400644e-01   8.7496737e-01   1.5423782e-02  -1.1255013e+00  -6.6691898e-01  -3.5739369e-01  -6.5387833e-01   1.1123695e+00
  -5.6654315e-01  -3.2683209e-01   7.5649040e-01   4.6707081e-01  -4.8398558e-01   8.7497646e-01   1.5560901e-02  -1.1254738e+00  -6.6697440e-01  -3.5730235e-01  -6.5387170e-01   1.1123222e+00
  -5.6650119e-01  -3.2691000e-01   7.5648808e-01   4.6711346e-01  -4.8395687e-01   8.7498975e-01   1.5705176e-02  -1.1254461e+00  -6.6703084e-01  -3.5719846e-01  -6.5387086e-01   1.1122712e+00
  -5.6647083e-01  -3.2698054e-01   7.5648037e-01   4.6715313e-01  -4.8392809e-01   8.7500337e-01   1.5833726e-02  -1.1254213e+00  -6.6707750e-01  -3.5710059e-01  -6.5387674e-01   1.1122191e+00
  -5.6645373e-01  -3.2705394e-01   7.5646144e-01   4.6718843e-01  -4.8389431e-01   8.7501972e-01   1.5962324e-02  -1.1253959e+00  -6.6711652e-01  -3.5699333e-01  -6.5389550e-01   1.1121625e+00
  -5.6642927e-01  -3.2712667e-01   7.5644830e-01   4.6722657e-01  -4.8386669e-01   8.7503267e-01   1.6088705e-02  -1.1253727e+00  -6.6715734e-01  -3.5689487e-01  -6.5390761e-01   1.1121096e+00
  -5.6640081e-01  -3.2718314e-01   7.5644518e-01   4.6726071e-01  -4.8382137e-01   8.7505538e-01   1.6216053e-02  -1.1253486e+00  -6.6721437e-01  -3.5678743e-01  -6.5390804e-01   1.1120550e+00
  -5.6633498e-01  -3.2733610e-01   7.5642829e-01   4.6734101e-01  -4.8377141e-01   8.7507801e-01   1.6482660e-02  -1.1252973e+00  -6.6730646e-01  -3.5659154e-01  -6.5392092e-01   1.1119526e+00
  -5.6631268e-01  -3.2739305e-01   7.5642038e-01   4.6737474e-01  -4.8373041e-01   8.7509842e-01   1.6602505e-02  -1.1252737e+00  -6.6735514e-01  -3.5648917e-01  -6.5392706e-01   1.1119000e+00
  -5.6628479e-01  -3.2746094e-01   7.5641185e-01   4.6741180e-01  -4.8369658e-01   8.7511467e-01   1.6731446e-02  -1.1252479e+00  -6.6740331e-01  -3.5638694e-01  -6.5393362e-01   1.1118477e+00
  -5.6626516e-01  -3.2753601e-01   7.5639405e-01   4.6744907e-01  -4.8367045e-01   8.7512670e-01   1.6856021e-02  -1.1252241e+00  -6.6743891e-01  -3.5628833e-01  -6.5395104e-01   1.1117954e+00
  -5.6622705e-01  -3.2761511e-01   7.5638834e-01   4.6748934e-01  -4.8364648e-01   8.7513730e-01   1.6994569e-02  -1.1251962e+00  -6.6748861e-01  -3.5618968e-01  -6.5395407e-01   1.1117459e+00
  -5.6620452e-01  -3.2769232e-01   7.5637170e-01   4.6752934e-01  -4.8362196e-01   8.7514833e-01   1.7121826e-02  -1.1251716e+00  -6.6752544e-01  -3.5609143e-01  -6.5396992e-01   1.1116950e+00
  -5.6617459e-01  -3.2775943e-01   7.5636504e-01   4.6756563e-01  -4.8359236e-01   8.7516223e-01   1.7246923e-02  -1.1251482e+00  -6.6757229e-01  -3.5599547e-01  -6.5397438e-01   1.1116431e+00
  -5.6614676e-01  -3.2782736e-01   7.5635644e-01   4.6760558e-01  -4.8355693e-01   8.7517928e-01   1.7377432e-02  -1.1251195e+00  -6.6762159e-01  -3.5589114e-01  -6.5398084e-01   1.1115914e+00
  -5.6610079e-01  -3.2791038e-01   7.5635486e-01   4.6764996e-01  -4.8353666e-01   8.7518760e-01   1.7521708e-02  -1.1250911e+00  -6.6767524e-01  -3.5579417e-01  -6.5397882e-01   1.1115434e+00
  -5.6607034e-01  -3.2799180e-01   7.5634236e-01   4.6768925e-01  -4.8351416e-01   8.7519730e-01   1.7656730e-02  -1.1250649e+00  -6.6771735e-01  -3.5569520e-01  -6.5398967e-01   1.1114924e+00
  -5.6599400e-01  -3.2812512e-01   7.5634165e-01   4.6776753e-01  -4.8344468e-01   8.7523019e-01   1.7926069e-02  -1.1250128e+00  -6.6783233e-01  -3.5549123e-01  -6.5398316e-01   1.1113893e+00
  -5.6595716e-01  -3.2819860e-01   7.5633733e-01   4.6780814e-01  -4.8341523e-01   8.7524364e-01   1.8062639e-02  -1.1249855e+00  -6.6788490e-01  -3.5539021e-01  -6.5398435e-01   1.1113383e+00
  -5.6592716e-01  -3.2826882e-01   7.5632932e-01   4.6784679e-01  -4.8338582e-01   8.7525724e-01   1.8191134e-02  -1.1249586e+00  -6.6793160e-01  -3.5529192e-01  -6.5399009e-01   1.1112885e+00
  -5.6589711e-01  -3.2834135e-01   7.5632032e-01   4.6788532e-01  -4.8335243e-01   8.7527287e-01   1.8326267e-02  -1.1249324e+00  -6.6798120e-01  -3.5518640e-01  -6.5399673e-01   1.1112345e+00
  -5.6588301e-01  -3.2840789e-01   7.5630194e-01   4.6791430e-01  -4.8331408e-01   8.7529146e-01   1.8449482e-02  -1.1249117e+00  -6.6802086e-01  -3.5507908e-01  -6.5401447e-01   1.1111775e+00
  -5.6585530e-01  -3.2848150e-01   7.5629077e-01   4.6795311e-01  -4.8327983e-01   8.7530748e-01   1.8585288e-02  -1.1248853e+00  -6.6806919e-01  -3.5497141e-01  -6.5402358e-01   1.1111236e+00
  -5.6580716e-01  -3.2856444e-01   7.5629072e-01   4.6799862e-01  -4.8325748e-01   8.7531667e-01   1.8732755e-02  -1.1248552e+00  -6.6812610e-01  -3.5487195e-01  -6.5401941e-01   1.1110750e+00
  -5.6576868e-01  -3.2863954e-01   7.5628689e-01   4.6804405e-01  -4.8323343e-01   8.7532708e-01   1.8866864e-02  -1.1248272e+00  -6.6817608e-01  -3.5477678e-01  -6.5402001e-01   1.1110245e+00
  -5.6573417e-01  -3.2872278e-01   7.5627651e-01   4.6808391e-01  -4.8320518e-01   8.7533952e-01   1.9012014e-02  -1.1247987e+00  -6.6822570e-01  -3.5466890e-01  -6.5402783e-01   1.1109706e+00
  -5.6567286e-01  -3.2879046e-01   7.5629296e-01   4.6812799e-01  -4.8317375e-01   8.7535370e-01   1.9158818e-02  -1.1247695e+00  -6.6830038e-01  -3.5457124e-01  -6.5400451e-01   1.1109249e+00
  -5.6562501e-01  -3.2886730e-01   7.5629533e-01   4.6816973e-01  -4.8314293e-01   8.7536743e-01   1.9307266e-02  -1.1247400e+00  -6.6836308e-01  -3.5446602e-01  -6.5399740e-01   1.1108749e+00
  -5.6552730e-01  -3.2901764e-01   7.5630306e-01   4.6825969e-01  -4.8309843e-01   8.7538585e-01   1.9584800e-02  -1.1246798e+00  -6.6847799e-01  -3.5428103e-01  -6.5398026e-01   1.1107829e+00
  -5.6548752e-01  -3.2909861e-01   7.5629755e-01   4.6830149e-01  -4.8307213e-01   8.7539711e-01   1.9728632e-02  -1.1246519e+00  -6.6853063e-01  -3.5417792e-01  -6.5398229e-01   1.1107335e+00
  -5.6546258e-01  -3.2916741e-01   7.5628625e-01   4.6833504e-01  -4.8303548e-01   8.7541436e-01   1.9859389e-02  -1.1246263e+00  -6.6857819e-01  -3.5407128e-01  -6.5399139e-01   1.1106812e+00
  -5.6543073e-01  -3.2925273e-01   7.5627292e-01   4.6837579e-01  -4.8301166e-01   8.7542431e-01   2.0000997e-02  -1.1245995e+00  -6.6862234e-01  -3.5396743e-01  -6.5400247e-01   1.1106278e+00
  -5.6539795e-01  -3.2931401e-01   7.5627074e-01   4.6841136e-01  -4.8296689e-01   8.7544590e-01   2.0135797e-02  -1.1245733e+00  -6.6868240e-01  -3.5385696e-01  -6.5400084e-01   1.1105735e+00
