  -4.1355060e-01  -7.3480468e-01   5.3768578e-01   5.6149656e-01  -5.4236828e-01   6.7314528e-01   5.0277243e-01  -9.0939568e-01  -7.3135533e-01  -8.3699000e-02  -6.7689132e-01   1.0638226e+00
  -4.1363785e-01  -7.3498047e-01   5.3737831e-01   5.6168278e-01  -5.4291714e-01   6.7292735e-01   5.0247165e-01  -9.0915804e-01  -7.3089855e-01  -8.3907716e-02  -6.7735870e-01   1.0637792e+00
  -4.1370991e-01  -7.3515552e-01   5.3708330e-01   5.6187160e-01  -5.4348576e-01   6.7270602e-01   5.0215322e-01  -9.0892803e-01  -7.3043502e-01  -8.4148514e-02  -6.7782867e-01   1.0637461e+00
  -4.1375689e-01  -7.3534765e-01   5.3678407e-01   5.6206020e-01  -5.4403483e-01   6.7246812e-01   5.0187719e-01  -9.0869544e-01  -7.2999954e-01  -8.4371208e-02  -6.7826998e-01   1.0637097e+00
  -4.1384861e-01  -7.3551545e-01   5.3648330e-01   5.6224315e-01  -5.4457212e-01   6.7225896e-01   5.0157465e-01  -9.0845809e-01  -7.2954678e-01  -8.4574987e-02  -6.7873157e-01   1.0636652e+00
  -4.1399736e-01  -7.3585873e-01   5.3589749e-01   5.6262110e-01  -5.4567139e-01   6.7182635e-01   5.0095918e-01  -9.0797191e-01  -7.2864042e-01  -8.5025287e-02  -6.7964829e-01   1.0635920e+00
  -4.1406353e-01  -7.3602829e-01   5.3561341e-01   5.6281519e-01  -5.4621950e-01   6.7161102e-01   5.0065051e-01  -9.0772778e-01  -7.2819206e-01  -8.5258456e-02  -6.8009949e-01   1.0635554e+00
  -4.1411520e-01  -7.3621070e-01   5.3532271e-01   5.6300627e-01  -5.4678389e-01   6.7137995e-01   5.0034419e-01  -9.0748332e-01  -7.2773894e-01  -8.5502779e-02  -6.8055365e-01   1.0635257e+00
  -4.1417414e-01  -7.3639578e-01   5.3502247e-01   5.6319735e-01  -5.4734518e-01   6.7114742e-01   5.0004233e-01  -9.0724291e-01  -7.2728329e-01  -8.5734465e-02  -6.8101145e-01   1.0634883e+00
  -4.1424238e-01  -7.3657348e-01   5.3472495e-01   5.6338494e-01  -5.4788843e-01   6.7092475e-01   4.9974619e-01  -9.0700278e-01  -7.2683529e-01  -8.5950651e-02  -6.8146236e-01   1.0634476e+00
  -4.1430351e-01  -7.3675553e-01   5.3442667e-01   5.6357311e-01  -5.4842943e-01   6.7069725e-01   4.9945804e-01  -9.0676448e-01  -7.2639232e-01  -8.6165173e-02  -6.8190745e-01   1.0634054e+00
  -4.1438205e-01  -7.3692293e-01   5.3413496e-01   5.6375890e-01  -5.4897727e-01   6.7048448e-01   4.9914176e-01  -9.0652502e-01  -7.2593353e-01  -8.6389646e-02  -6.8236746e-01   1.0633629e+00
  -4.1446077e-01  -7.3707637e-01   5.3386202e-01   5.6395281e-01  -5.4952971e-01   6.7028397e-01   4.9880308e-01  -9.0628286e-01  -7.2547049e-01  -8.6635785e-02  -6.8282860e-01   1.0633267e+00
  -4.1461129e-01  -7.3741142e-01   5.3328221e-01   5.6433304e-01  -5.5064349e-01   6.6985440e-01   4.9815135e-01  -9.0580573e-01  -7.2453932e-01  -8.7106235e-02  -6.8375674e-01   1.0632467e+00
  -4.1466258e-01  -7.3759571e-01   5.3298740e-01   5.6453015e-01  -5.5121814e-01   6.6961879e-01   4.9783251e-01  -9.0556427e-01  -7.2407287e-01  -8.7356870e-02  -6.8421870e-01   1.0632111e+00
  -4.1471957e-01  -7.3778595e-01   5.3267967e-01   5.6472142e-01  -5.5177646e-01   6.6938012e-01   4.9753491e-01  -9.0532483e-01  -7.2361482e-01  -8.7579646e-02  -6.8467466e-01   1.0631684e+00
  -4.1478969e-01  -7.3795338e-01   5.3239295e-01   5.6490922e-01  -5.5232605e-01   6.6916502e-01   4.9721439e-01  -9.0508613e-01  -7.2315517e-01  -8.7812133e-02  -6.8513036e-01   1.0631268e+00
  -4.1486276e-01  -7.3812062e-01   5.3210415e-01   5.6509844e-01  -5.5288609e-01   6.6894901e-01   4.9688245e-01  -9.0484026e-01  -7.2268514e-01  -8.8051962e-02  -6.8559537e-01   1.0630874e+00
  -4.1492076e-01  -7.3827986e-01   5.3183793e-01   5.6529259e-01  -5.5343207e-01   6.6874032e-01   4.9655553e-01  -9.0459740e-01  -7.2223387e-01  -8.8301975e-02  -6.8603866e-01   1.0630506e+00
  -4.1499397e-01  -7.3843638e-01   5.3156348e-01   5.6548536e-01  -5.5398938e-01   6.6853432e-01   4.9621125e-01  -9.0435218e-01  -7.2176435e-01  -8.8552781e-02  -6.8650029e-01   1.0630139e+00
  -4.1507698e-01  -7.3859875e-01   5.3127301e-01   5.6567573e-01  -5.5455422e-01   6.6832285e-01   4.9586506e-01  -9.0411283e-01  -7.2128271e-01  -8.8794470e-02  -6.8697510e-01   1.0629709e+00
  -4.1514071e-01  -7.3876671e-01   5.3098957e-01   5.6586472e-01  -5.5510320e-01   6.6810575e-01   4.9554328e-01  -9.0387436e-01  -7.2082356e-01  -8.9030787e-02  -6.8742628e-01   1.0629293e+00
  -4.1530097e-01  -7.3909603e-01   5.3040569e-01   5.6623891e-01  -5.5621791e-01   6.6767884e-01   4.9486823e-01  -9.0340023e-01  -7.1987134e-01  -8.9498847e-02  -6.8836271e-01   1.0628382e+00
  -4.1538029e-01  -7.3924652e-01   5.3013381e-01   5.6643059e-01  -5.5676931e-01   6.6747901e-01   4.9451770e-01  -9.0315884e-01  -7.1939918e-01  -8.9746305e-02  -6.8882396e-01   1.0627963e+00
  -4.1545096e-01  -7.3940581e-01   5.2985615e-01   5.6662451e-01  -5.5732386e-01   6.6726936e-01   4.9417582e-01  -9.0291192e-01  -7.1892881e-01  -8.9992602e-02  -6.8928273e-01   1.0627534e+00
  -4.1549694e-01  -7.3954781e-01   5.2962187e-01   5.6682514e-01  -5.5788451e-01   6.6707201e-01   4.9380949e-01  -9.0267187e-01  -7.1846722e-01  -9.0288406e-02  -6.8972519e-01   1.0627272e+00
  -4.1557981e-01  -7.3971276e-01   5.2932645e-01   5.6702036e-01  -5.5847608e-01   6.6685344e-01   4.9343581e-01  -9.0243324e-01  -7.1795958e-01  -9.0551124e-02  -6.9021924e-01   1.0626836e+00
  -4.1566054e-01  -7.3987107e-01   5.2904170e-01   5.6721527e-01  -5.5904935e-01   6.6664299e-01   4.9307096e-01  -9.0219298e-01  -7.1746645e-01  -9.0807221e-02  -6.9069815e-01   1.0626396e+00
  -4.1571330e-01  -7.4005149e-01   5.2874778e-01   5.6741260e-01  -5.5963441e-01   6.6640684e-01   4.9272629e-01  -9.0195205e-01  -7.1697964e-01  -9.1069471e-02  -6.9116898e-01   1.0626008e+00
  -4.1577784e-01  -7.4021629e-01   5.2846625e-01   5.6760726e-01  -5.6019776e-01   6.6618926e-01   4.9238026e-01  -9.0170697e-01  -7.1650209e-01  -9.1321714e-02  -6.9163077e-01   1.0625578e+00
  -4.1585492e-01  -7.4035350e-01   5.2821337e-01   5.6779980e-01  -5.6073517e-01   6.6600202e-01   4.9202173e-01  -9.0146457e-01  -7.1603681e-01  -9.1575037e-02  -6.9207897e-01   1.0625132e+00
  -4.1593015e-01  -7.4050096e-01   5.2794735e-01   5.6799553e-01  -5.6129395e-01   6.6580207e-01   4.9165507e-01  -9.0122171e-01  -7.1555519e-01  -9.1836356e-02  -6.9254230e-01   1.0624714e+00
  -4.1604988e-01  -7.4081250e-01   5.2741575e-01   5.6838885e-01  -5.6241750e-01   6.6538170e-01   4.9093973e-01  -9.0073017e-01  -7.1460277e-01  -9.2369283e-02  -6.9345431e-01   1.0623919e+00
  -4.1610629e-01  -7.4098492e-01   5.2712894e-01   5.6858410e-01  -5.6298177e-01   6.6515494e-01   4.9060009e-01  -9.0048733e-01  -7.1412540e-01  -9.2619047e-02  -6.9391256e-01   1.0623451e+00
  -4.1619801e-01  -7.4112321e-01   5.2686197e-01   5.6877375e-01  -5.6354015e-01   6.6496473e-01   4.9021669e-01  -9.0025216e-01  -7.1363135e-01  -9.2877493e-02  -6.9438611e-01   1.0622984e+00
  -4.1628675e-01  -7.4126642e-01   5.2659038e-01   5.6896562e-01  -5.6410345e-01   6.6476887e-01   4.8983432e-01  -9.0001441e-01  -7.1313437e-01  -9.3136757e-02  -6.9486178e-01   1.0622518e+00
  -4.1637623e-01  -7.4141531e-01   5.2630997e-01   5.6916038e-01  -5.6466611e-01   6.6456765e-01   4.8945885e-01  -8.9977676e-01  -7.1263666e-01  -9.3387181e-02  -6.9533863e-01   1.0621994e+00
  -4.1647760e-01  -7.4153805e-01   5.2605677e-01   5.6935704e-01  -5.6523352e-01   6.6439144e-01   4.8904308e-01  -8.9953904e-01  -7.1212744e-01  -9.3666241e-02  -6.9582264e-01   1.0621559e+00
  -4.1656116e-01  -7.4170026e-01   5.2576183e-01   5.6955210e-01  -5.6581947e-01   6.6417361e-01   4.8866111e-01  -8.9930243e-01  -7.1161299e-01  -9.3925838e-02  -6.9631377e-01   1.0621062e+00
  -4.1661802e-01  -7.4186085e-01   5.2549013e-01   5.6975411e-01  -5.6639940e-01   6.6395473e-01   4.8828662e-01  -8.9906279e-01  -7.1111822e-01  -9.4205073e-02  -6.9678133e-01   1.0620658e+00
  -4.1668553e-01  -7.4201799e-01   5.2521472e-01   5.6994870e-01  -5.6698038e-01   6.6373993e-01   4.8790424e-01  -8.9882288e-01  -7.1061557e-01  -9.4480565e-02  -6.9725676e-01   1.0620236e+00
  -4.1677376e-01  -7.4216481e-01   5.2493716e-01   5.7014007e-01  -5.6754878e-01   6.6353878e-01   4.8751685e-01  -8.9858250e-01  -7.1010986e-01  -9.4740032e-02  -6.9773653e-01   1.0619748e+00
  -4.1687584e-01  -7.4227617e-01   5.2469864e-01   5.7032900e-01  -5.6808887e-01   6.6337590e-01   4.8710926e-01  -8.9834345e-01  -7.0961789e-01  -9.5008136e-02  -6.9820046e-01   1.0619288e+00
  -4.1699924e-01  -7.4255259e-01   5.2420919e-01   5.7072382e-01  -5.6921585e-01   6.6298325e-01   4.8632752e-01  -8.9786414e-01  -7.0864159e-01  -9.5586758e-02  -6.9911245e-01   1.0618516e+00
  -4.1705806e-01  -7.4269586e-01   5.2395933e-01   5.7092598e-01  -5.6978683e-01   6.6278058e-01   4.8593503e-01  -8.9762218e-01  -7.0814792e-01  -9.5878744e-02  -6.9957252e-01   1.0618119e+00
  -4.1712101e-01  -7.4286395e-01   5.2367092e-01   5.7112033e-01  -5.7037764e-01   6.6255252e-01   4.8555283e-01  -8.9738662e-01  -7.0763514e-01  -9.6152609e-02  -7.0005375e-01   1.0617670e+00
  -4.1720148e-01  -7.4299865e-01   5.2341567e-01   5.7131960e-01  -5.7096496e-01   6.6235783e-01   4.8512791e-01  -8.9714894e-01  -7.0711382e-01  -9.6452674e-02  -7.0053901e-01   1.0617244e+00
  -4.1726094e-01  -7.4315860e-01   5.2314109e-01   5.7152102e-01  -5.7155895e-01   6.6213596e-01   4.8473120e-01  -8.9690576e-01  -7.0659868e-01  -9.6743261e-02  -7.0101861e-01   1.0616799e+00
  -4.1734478e-01  -7.4327541e-01   5.2290829e-01   5.7171927e-01  -5.7211000e-01   6.6196285e-01   4.8431737e-01  -8.9666916e-01  -7.0610302e-01  -9.7030439e-02  -7.0147815e-01   1.0616372e+00
  -4.1744188e-01  -7.4340920e-01   5.2264041e-01   5.7191416e-01  -5.7268312e-01   6.6177240e-01   4.8390018e-01  -8.9643528e-01  -7.0558086e-01  -9.7303861e-02  -7.0196555e-01   1.0615861e+00
  -4.1752736e-01  -7.4354945e-01   5.2237256e-01   5.7211071e-01  -5.7325033e-01   6.6157516e-01   4.8349808e-01  -8.9619688e-01  -7.0506946e-01  -9.7573292e-02  -7.0244184e-01   1.0615335e+00
  -4.1757005e-01  -7.4370925e-01   5.2211096e-01   5.7231083e-01  -5.7382565e-01   6.6135301e-01   4.8311939e-01  -8.9595277e-01  -7.0457606e-01  -9.7861130e-02  -7.0289672e-01   1.0614917e+00
  -4.1765618e-01  -7.4384892e-01   5.2184299e-01   5.7250389e-01  -5.7440934e-01   6.6115363e-01   4.8269847e-01  -8.9571412e-01  -7.0404921e-01  -9.8146184e-02  -7.0338473e-01   1.0614445e+00
  -4.1780805e-01  -7.4411978e-01   5.2133501e-01   5.7289866e-01  -5.7553712e-01   6.6076509e-01   4.8188645e-01  -8.9522783e-01  -7.0303728e-01  -9.8708252e-02  -7.0431757e-01   1.0613493e+00
  -4.1789183e-01  -7.4425421e-01   5.2107587e-01   5.7309423e-01  -5.7610311e-01   6.6057206e-01   4.8147456e-01  -8.9499039e-01  -7.0252375e-01  -9.8985792e-02  -7.0479089e-01   1.0612982e+00
  -4.1798069e-01  -7.4438198e-01   5.2082206e-01   5.7328843e-01  -5.7666030e-01   6.6038700e-01   4.8106128e-01  -8.9475418e-01  -7.0201356e-01  -9.9259728e-02  -7.0526058e-01   1.0612471e+00
  -4.1805418e-01  -7.4453810e-01   5.2053976e-01   5.7348460e-01  -5.7724450e-01   6.6016966e-01   4.8065873e-01  -8.9451331e-01  -7.0148947e-01  -9.9533932e-02  -7.0574324e-01   1.0611944e+00
  -4.1813875e-01  -7.4468898e-01   5.2025601e-01   5.7367749e-01  -5.7783246e-01   6.5995789e-01   4.8024284e-01  -8.9427231e-01  -7.0095476e-01  -9.9809256e-02  -7.0623545e-01   1.0611432e+00
  -4.1822022e-01  -7.4482554e-01   5.1999500e-01   5.7387152e-01  -5.7840962e-01   6.5976027e-01   4.7981941e-01  -8.9403140e-01  -7.0043000e-01  -1.0009651e-01  -7.0671528e-01   1.0610963e+00
  -4.1832846e-01  -7.4495009e-01   5.1972935e-01   5.7406384e-01  -5.7897180e-01   6.5957914e-01   4.7939024e-01  -8.9379035e-01  -6.9990066e-01  -1.0036264e-01  -7.0720181e-01   1.0610404e+00
  -4.1840793e-01  -7.4507812e-01   5.1948184e-01   5.7425950e-01  -5.7951863e-01   6.5939309e-01   4.7898532e-01  -8.9354730e-01  -6.9940044e-01  -1.0063470e-01  -7.0765788e-01   1.0609886e+00
  -4.1849194e-01  -7.4520092e-01   5.1923799e-01   5.7445776e-01  -5.8009533e-01   6.5920788e-01   4.7854187e-01  -8.9330753e-01  -6.9887185e-01  -1.0093821e-01  -7.0813669e-01   1.0609427e+00
  -4.1855202e-01  -7.4536021e-01   5.1896085e-01   5.7465404e-01  -5.8068326e-01   6.5898406e-01   4.7813695e-01  -8.9306361e-01  -6.9834745e-01  -1.0122322e-01  -7.0861325e-01   1.0608932e+00
  -4.1871054e-01  -7.4564876e-01   5.1841815e-01   5.7504040e-01  -5.8184447e-01   6.5857065e-01   4.7729417e-01  -8.9257747e-01  -6.9728508e-01  -1.0178715e-01  -7.0957798e-01   1.0607946e+00
  -4.1878786e-01  -7.4579032e-01   5.1815201e-01   5.7523671e-01  -5.8241192e-01   6.5836773e-01   4.7688180e-01  -8.9233066e-01  -6.9676468e-01  -1.0206213e-01  -7.1004946e-01   1.0607423e+00
  -4.1887931e-01  -7.4592181e-01   5.1788873e-01   5.7543071e-01  -5.8297470e-01   6.5817652e-01   4.7645794e-01  -8.9208784e-01  -6.9623893e-01  -1.0233420e-01  -7.1052589e-01   1.0606877e+00
  -4.1897841e-01  -7.4605126e-01   5.1762206e-01   5.7562200e-01  -5.8354567e-01   6.5798681e-01   4.7602074e-01  -8.9184985e-01  -6.9570072e-01  -1.0261020e-01  -7.1101310e-01   1.0606321e+00
  -4.1904925e-01  -7.4619954e-01   5.1735089e-01   5.7581676e-01  -5.8411354e-01   6.5777620e-01   4.7561527e-01  -8.9160016e-01  -6.9518136e-01  -1.0288194e-01  -7.1148173e-01   1.0605782e+00
  -4.1911564e-01  -7.4635116e-01   5.1707836e-01   5.7601134e-01  -5.8468822e-01   6.5756074e-01   4.7520690e-01  -8.9135081e-01  -6.9465800e-01  -1.0315948e-01  -7.1195249e-01   1.0605285e+00
  -4.1917392e-01  -7.4651097e-01   5.1680034e-01   5.7620757e-01  -5.8527923e-01   6.5733387e-01   4.7479302e-01  -8.9110119e-01  -6.9412495e-01  -1.0344813e-01  -7.1243037e-01   1.0604791e+00
  -4.1923285e-01  -7.4664390e-01   5.1656049e-01   5.7640353e-01  -5.8583238e-01   6.5713731e-01   4.7438275e-01  -8.9085252e-01  -6.9362258e-01  -1.0373750e-01  -7.1287748e-01   1.0604342e+00
  -4.1931357e-01  -7.4677813e-01   5.1630089e-01   5.7659803e-01  -5.8639835e-01   6.5694036e-01   4.7395603e-01  -8.9061238e-01  -6.9309533e-01  -1.0401827e-01  -7.1334918e-01   1.0603782e+00
  -4.1938121e-01  -7.4692283e-01   5.1603651e-01   5.7679703e-01  -5.8697225e-01   6.5673058e-01   4.7353617e-01  -8.9036409e-01  -6.9256835e-01  -1.0430342e-01  -7.1381918e-01   1.0603264e+00
  -4.1944003e-01  -7.4706408e-01   5.1578416e-01   5.7699620e-01  -5.8753892e-01   6.5652365e-01   4.7312019e-01  -8.9012072e-01  -6.9205209e-01  -1.0459416e-01  -7.1427722e-01   1.0602772e+00
  -4.1956075e-01  -7.4737189e-01   5.1523977e-01   5.7739283e-01  -5.8870387e-01   6.5608148e-01   4.7228464e-01  -8.8962634e-01  -6.9098804e-01  -1.0516798e-01  -7.1522245e-01   1.0601697e+00
  -4.1963607e-01  -7.4750859e-01   5.1498004e-01   5.7759018e-01  -5.8926906e-01   6.5588055e-01   4.7185877e-01  -8.8937506e-01  -6.9046044e-01  -1.0544927e-01  -7.1569050e-01   1.0601164e+00
  -4.1969885e-01  -7.4765478e-01   5.1471661e-01   5.7778939e-01  -5.8983779e-01   6.5566849e-01   4.7144274e-01  -8.8912318e-01  -6.8993641e-01  -1.0573175e-01  -7.1615399e-01   1.0600644e+00
  -4.1977350e-01  -7.4779825e-01   5.1444724e-01   5.7798458e-01  -5.9041235e-01   6.5545938e-01   4.7101409e-01  -8.8887680e-01  -6.8939938e-01  -1.0601314e-01  -7.1662943e-01   1.0600084e+00
  -4.1982578e-01  -7.4795485e-01   5.1417685e-01   5.7818159e-01  -5.9098375e-01   6.5523536e-01   4.7060901e-01  -8.8862408e-01  -6.8887772e-01  -1.0629274e-01  -7.1708949e-01   1.0599540e+00
  -4.1990802e-01  -7.4809050e-01   5.1391227e-01   5.7836601e-01  -5.9153174e-01   6.5503816e-01   4.7019487e-01  -8.8838646e-01  -6.8835706e-01  -1.0655317e-01  -7.1755071e-01   1.0598941e+00
  -4.2002206e-01  -7.4821822e-01   5.1363309e-01   5.7855207e-01  -5.9209505e-01   6.5485014e-01   4.6974753e-01  -8.8814449e-01  -6.8780295e-01  -1.0681166e-01  -7.1804340e-01   1.0598267e+00
  -4.2012249e-01  -7.4835921e-01   5.1334553e-01   5.7873681e-01  -5.9266261e-01   6.5464726e-01   4.6931439e-01  -8.8790029e-01  -6.8725264e-01  -1.0706754e-01  -7.1853212e-01   1.0597610e+00
  -4.2019080e-01  -7.4848102e-01   5.1311192e-01   5.7893018e-01  -5.9320560e-01   6.5446097e-01   4.6888803e-01  -8.8765863e-01  -6.8674217e-01  -1.0735474e-01  -7.1897718e-01   1.0597105e+00
  -4.2028743e-01  -7.4861503e-01   5.1283719e-01   5.7911867e-01  -5.9375550e-01   6.5426622e-01   4.6846361e-01  -8.8741394e-01  -6.8620763e-01  -1.0760690e-01  -7.1944972e-01   1.0596440e+00
  -4.2040573e-01  -7.4891747e-01   5.1229838e-01   5.7950751e-01  -5.9489960e-01   6.5382701e-01   4.6762453e-01  -8.8692092e-01  -6.8514341e-01  -1.0817037e-01  -7.2037889e-01   1.0595335e+00
  -4.2044178e-01  -7.4908567e-01   5.1202281e-01   5.7970944e-01  -5.9549800e-01   6.5358410e-01   4.6720229e-01  -8.8666487e-01  -6.8460120e-01  -1.0847349e-01  -7.2084857e-01   1.0594835e+00
  -4.2051229e-01  -7.4922339e-01   5.1176336e-01   5.7990294e-01  -5.9605331e-01   6.5338049e-01   4.6677873e-01  -8.8641072e-01  -6.8407444e-01  -1.0874837e-01  -7.2130710e-01   1.0594259e+00
  -4.2057895e-01  -7.4935428e-01   5.1151687e-01   5.8009598e-01  -5.9660072e-01   6.5318369e-01   4.6635466e-01  -8.8616322e-01  -6.8355607e-01  -1.0902865e-01  -7.2175609e-01   1.0593711e+00
  -4.2064064e-01  -7.4948314e-01   5.1127732e-01   5.8028651e-01  -5.9713781e-01   6.5298936e-01   4.6593913e-01  -8.8591770e-01  -6.8304898e-01  -1.0930637e-01  -7.2219404e-01   1.0593161e+00
  -4.2068746e-01  -7.4964174e-01   5.1100616e-01   5.8047799e-01  -5.9769702e-01   6.5276208e-01   4.6554047e-01  -8.8567287e-01  -6.8253083e-01  -1.0957612e-01  -7.2264288e-01   1.0592583e+00
  -4.2077951e-01  -7.4977202e-01   5.1073921e-01   5.8066038e-01  -5.9823187e-01   6.5257092e-01   4.6512131e-01  -8.8543000e-01  -6.8200532e-01  -1.0982322e-01  -7.2310139e-01   1.0591884e+00
  -4.2086551e-01  -7.4991440e-01   5.1045925e-01   5.8084265e-01  -5.9878591e-01   6.5236455e-01   4.6469764e-01  -8.8518931e-01  -6.8146576e-01  -1.1007687e-01  -7.2357135e-01   1.0591208e+00
  -4.2094979e-01  -7.5002783e-01   5.1022305e-01   5.8102943e-01  -5.9931183e-01   6.5218866e-01   4.6426641e-01  -8.8494589e-01  -6.8095125e-01  -1.1034612e-01  -7.2401462e-01   1.0590613e+00
  -4.2099902e-01  -7.5017062e-01   5.0997240e-01   5.8122353e-01  -5.9986649e-01   6.5197595e-01   4.6384867e-01  -8.8469601e-01  -6.8043226e-01  -1.1063178e-01  -7.2445878e-01   1.0590073e+00
  -4.2113298e-01  -7.5044420e-01   5.0945904e-01   5.8161444e-01  -6.0097828e-01   6.5156575e-01   4.6298507e-01  -8.8420129e-01  -6.7936741e-01  -1.1119173e-01  -7.2537184e-01   1.0588865e+00
  -4.2116672e-01  -7.5061495e-01   5.0917950e-01   5.8181386e-01  -6.0156607e-01   6.5131921e-01   4.6256839e-01  -8.8394982e-01  -6.7882610e-01  -1.1148287e-01  -7.2583382e-01   1.0588282e+00
  -4.2120463e-01  -7.5077914e-01   5.0890597e-01   5.8200716e-01  -6.0214177e-01   6.5108106e-01   4.6215449e-01  -8.8369659e-01  -6.7829195e-01  -1.1176813e-01  -7.2628914e-01   1.0587757e+00
  -4.2124699e-01  -7.5093890e-01   5.0863513e-01   5.8220218e-01  -6.0270447e-01   6.5084947e-01   4.6174698e-01  -8.8343732e-01  -6.7776564e-01  -1.1204331e-01  -7.2673797e-01   1.0587172e+00
  -4.2132140e-01  -7.5106971e-01   5.0838034e-01   5.8239056e-01  -6.0323136e-01   6.5065468e-01   4.6133325e-01  -8.8318407e-01  -6.7725048e-01  -1.1229756e-01  -7.2717881e-01   1.0586546e+00
  -4.2137513e-01  -7.5120775e-01   5.0813180e-01   5.8258013e-01  -6.0375882e-01   6.5045002e-01   4.6093179e-01  -8.8293024e-01  -6.7674685e-01  -1.1256002e-01  -7.2760700e-01   1.0585951e+00
  -4.2144349e-01  -7.5135232e-01   5.0786133e-01   5.8276444e-01  -6.0429605e-01   6.5023971e-01   4.6052429e-01  -8.8268046e-01  -6.7622455e-01  -1.1280979e-01  -7.2805380e-01   1.0585273e+00
  -4.2150116e-01  -7.5150276e-01   5.0759077e-01   5.8295020e-01  -6.0484528e-01   6.5002026e-01   4.6011287e-01  -8.8243216e-01  -6.7569740e-01  -1.1307193e-01  -7.2850237e-01   1.0584645e+00
  -4.2160802e-01  -7.5162662e-01   5.0731857e-01   5.8312727e-01  -6.0537753e-01   6.4983506e-01   4.5967431e-01  -8.8219453e-01  -6.7515386e-01  -1.1331306e-01  -7.2896874e-01   1.0583891e+00
  -4.2167215e-01  -7.5178088e-01   5.0703658e-01   5.8331480e-01  -6.0594080e-01   6.4961038e-01   4.5924947e-01  -8.8194538e-01  -6.7460827e-01  -1.1357759e-01  -7.2943254e-01   1.0583230e+00
  -4.2172277e-01  -7.5192097e-01   5.0678674e-01   5.8350672e-01  -6.0648122e-01   6.4940015e-01   4.5883324e-01  -8.8169921e-01  -6.7409079e-01  -1.1385231e-01  -7.2986797e-01   1.0582642e+00
  -4.2190971e-01  -7.5216991e-01   5.0626139e-01   5.8387390e-01  -6.0755712e-01   6.4902121e-01   4.5794521e-01  -8.8122730e-01  -6.7300412e-01  -1.1436728e-01  -7.3078975e-01   1.0581207e+00
  -4.2194971e-01  -7.5232815e-01   5.0599289e-01   5.8406409e-01  -6.0811337e-01   6.4878962e-01   4.5753489e-01  -8.8097885e-01  -6.7247641e-01  -1.1464048e-01  -7.3123255e-01   1.0580600e+00
  -4.2202797e-01  -7.5246755e-01   5.0572024e-01   5.8424561e-01  -6.0865467e-01   6.4858325e-01   4.5710751e-01  -8.8073093e-01  -6.7193742e-01  -1.1489292e-01  -7.3168827e-01   1.0579907e+00
  -4.2210095e-01  -7.5259299e-01   5.0547264e-01   5.8442876e-01  -6.0918554e-01   6.4839023e-01   4.5667392e-01  -8.8048519e-01  -6.7141030e-01  -1.1516022e-01  -7.3212998e-01   1.0579273e+00
  -4.2217068e-01  -7.5271180e-01   5.0523749e-01   5.8461172e-01  -6.0970287e-01   6.4820488e-01   4.5624643e-01  -8.8023989e-01  -6.7089666e-01  -1.1542696e-01  -7.3255874e-01   1.0578679e+00
  -4.2221519e-01  -7.5285889e-01   5.0498103e-01   5.8479846e-01  -6.1023519e-01   6.4798728e-01   4.5584367e-01  -8.7999042e-01  -6.7038444e-01  -1.1568910e-01  -7.3298616e-01   1.0578038e+00
  -4.2228668e-01  -7.5298498e-01   5.0473315e-01   5.8497875e-01  -6.1076244e-01   6.4779349e-01   4.5541279e-01  -8.7974822e-01  -6.6985909e-01  -1.1595340e-01  -7.3342455e-01   1.0577392e+00
  -4.2233901e-01  -7.5313948e-01   5.0445885e-01   5.8516569e-01  -6.1131739e-01   6.4756608e-01   4.5499137e-01  -8.7949887e-01  -6.6931964e-01  -1.1621992e-01  -7.3387475e-01   1.0576733e+00
  -4.2241495e-01  -7.5327908e-01   5.0418671e-01   5.8534037e-01  -6.1183775e-01   6.4736166e-01   4.5458271e-01  -8.7925921e-01  -6.6879606e-01  -1.1645397e-01  -7.3431486e-01   1.0575991e+00
  -4.2257958e-01  -7.5352838e-01   5.0367601e-01   5.8570150e-01  -6.1288808e-01   6.4697944e-01   4.5371111e-01  -8.7877074e-01  -6.6772953e-01  -1.1696398e-01  -7.3520386e-01   1.0574595e+00
  -4.2266206e-01  -7.5365792e-01   5.0341287e-01   5.8588074e-01  -6.1339340e-01   6.4678720e-01   4.5330221e-01  -8.7852774e-01  -6.6721307e-01  -1.1719251e-01  -7.3563622e-01   1.0573832e+00
  -4.2274720e-01  -7.5379795e-01   5.0313158e-01   5.8605839e-01  -6.1391118e-01   6.4658351e-01   4.5289163e-01  -8.7828472e-01  -6.6668272e-01  -1.1741544e-01  -7.3608139e-01   1.0573011e+00
  -4.2281683e-01  -7.5394076e-01   5.0285907e-01   5.8623797e-01  -6.1444780e-01   6.4637137e-01   4.5246649e-01  -8.7804485e-01  -6.6614399e-01  -1.1766620e-01  -7.3652891e-01   1.0572273e+00
  -4.2286286e-01  -7.5409267e-01   5.0259247e-01   5.8642444e-01  -6.1498170e-01   6.4614761e-01   4.5206062e-01  -8.7779187e-01  -6.6562193e-01  -1.1792154e-01  -7.3695994e-01   1.0571602e+00
  -4.2290584e-01  -7.5423528e-01   5.0234230e-01   5.8661249e-01  -6.1551158e-01   6.4593222e-01   4.5164708e-01  -8.7753764e-01  -6.6510463e-01  -1.1818934e-01  -7.3738396e-01   1.0570966e+00
  -4.2295313e-01  -7.5436492e-01   5.0210777e-01   5.8679812e-01  -6.1602198e-01   6.4573244e-01   4.5123671e-01  -8.7728792e-01  -6.6460178e-01  -1.1845341e-01  -7.3779488e-01   1.0570328e+00
  -4.2302102e-01  -7.5449876e-01   5.0184945e-01   5.8697678e-01  -6.1652548e-01   6.4553324e-01   4.5083388e-01  -8.7704157e-01  -6.6409151e-01  -1.1868671e-01  -7.3821671e-01   1.0569586e+00
  -4.2309442e-01  -7.5463906e-01   5.0157653e-01   5.8715583e-01  -6.1704841e-01   6.4532541e-01   4.5041581e-01  -8.7679837e-01  -6.6355887e-01  -1.1892453e-01  -7.3865728e-01   1.0568819e+00
  -4.2315857e-01  -7.5478393e-01   5.0130435e-01   5.8733391e-01  -6.1757239e-01   6.4511164e-01   4.5000372e-01  -8.7655443e-01  -6.6303029e-01  -1.1916474e-01  -7.3909307e-01   1.0568089e+00
  -4.2334016e-01  -7.5505705e-01   5.0073940e-01   5.8768184e-01  -6.1859972e-01   6.4471075e-01   4.4916634e-01  -8.7606750e-01  -6.6195578e-01  -1.1960303e-01  -7.3998488e-01   1.0566422e+00
  -4.2340037e-01  -7.5518582e-01   5.0049427e-01   5.8786333e-01  -6.1911479e-01   6.4451189e-01   4.4874195e-01  -8.7582128e-01  -6.6143555e-01  -1.1986182e-01  -7.4040813e-01   1.0565767e+00
  -4.2346588e-01  -7.5531651e-01   5.0024161e-01   5.8804215e-01  -6.1961270e-01   6.4431501e-01   4.4833718e-01  -8.7557499e-01  -6.6092714e-01  -1.2009646e-01  -7.4082396e-01   1.0565002e+00
  -4.2355552e-01  -7.5543965e-01   4.9997963e-01   5.8821515e-01  -6.2010736e-01   6.4412925e-01   4.4792003e-01  -8.7533401e-01  -6.6040558e-01  -1.2031799e-01  -7.4125300e-01   1.0564187e+00
  -4.2359688e-01  -7.5558241e-01   4.9972885e-01   5.8839725e-01  -6.2064027e-01   6.4391090e-01   4.4749571e-01  -8.7509132e-01  -6.5987829e-01  -1.2058999e-01  -7.4167832e-01   1.0563531e+00
  -4.2365239e-01  -7.5572364e-01   4.9946821e-01   5.8857544e-01  -6.2115681e-01   6.4369908e-01   4.4708356e-01  -8.7484755e-01  -6.5935644e-01  -1.2083594e-01  -7.4210228e-01   1.0562804e+00
  -4.2373959e-01  -7.5585318e-01   4.9919813e-01   5.8874618e-01  -6.2164975e-01   6.4350697e-01   4.4667475e-01  -8.7460607e-01  -6.5883562e-01  -1.2104852e-01  -7.4253005e-01   1.0561972e+00
  -4.2378562e-01  -7.5598270e-01   4.9896285e-01   5.8892817e-01  -6.2215175e-01   6.4330633e-01   4.4626468e-01  -8.7435829e-01  -6.5833197e-01  -1.2130594e-01  -7.4293466e-01   1.0561300e+00
  -4.2379867e-01  -7.5613660e-01   4.9871852e-01   5.8911652e-01  -6.2267471e-01   6.4307440e-01   4.4586942e-01  -8.7409940e-01  -6.5782890e-01  -1.2157642e-01  -7.4333590e-01   1.0560718e+00
  -4.2384753e-01  -7.5627222e-01   4.9847131e-01   5.8929741e-01  -6.2315643e-01   6.4287210e-01   4.4548803e-01  -8.7384979e-01  -6.5734116e-01  -1.2180248e-01  -7.4373033e-01   1.0559955e+00
  -4.2392262e-01  -7.5657508e-01   4.9794753e-01   5.8965703e-01  -6.2418473e-01   6.4242289e-01   4.4469570e-01  -8.7334688e-01  -6.5631626e-01  -1.2229051e-01  -7.4455492e-01   1.0558529e+00
  -4.2397678e-01  -7.5671322e-01   4.9769144e-01   5.8983384e-01  -6.2468075e-01   6.4221605e-01   4.4429783e-01  -8.7309852e-01  -6.5580919e-01  -1.2252212e-01  -7.4496351e-01   1.0557777e+00
  -4.2406425e-01  -7.5683597e-01   4.9743026e-01   5.9000757e-01  -6.2515584e-01   6.4203223e-01   4.4389504e-01  -8.7285095e-01  -6.5529970e-01  -1.2272722e-01  -7.4537798e-01   1.0556893e+00
  -4.2412678e-01  -7.5696450e-01   4.9718131e-01   5.9018179e-01  -6.2564114e-01   6.4183700e-01   4.4349343e-01  -8.7261034e-01  -6.5479584e-01  -1.2295547e-01  -7.4578305e-01   1.0556114e+00
  -4.2419452e-01  -7.5709211e-01   4.9692915e-01   5.9035883e-01  -6.2612186e-01   6.4164415e-01   4.4309387e-01  -8.7236563e-01  -6.5429230e-01  -1.2317602e-01  -7.4618850e-01   1.0555292e+00
  -4.2426933e-01  -7.5724146e-01   4.9663756e-01   5.9052823e-01  -6.2661244e-01   6.4143109e-01   4.4270868e-01  -8.7212472e-01  -6.5377391e-01  -1.2336736e-01  -7.4661107e-01   1.0554354e+00
  -4.2433909e-01  -7.5736750e-01   4.9638578e-01   5.9069986e-01  -6.2708862e-01   6.4124057e-01   4.4231033e-01  -8.7188258e-01  -6.5327193e-01  -1.2358416e-01  -7.4701454e-01   1.0553542e+00
  -4.2440062e-01  -7.5750042e-01   4.9613029e-01   5.9087121e-01  -6.2757174e-01   6.4104105e-01   4.4191413e-01  -8.7163870e-01  -6.5276778e-01  -1.2380451e-01  -7.4741868e-01   1.0552740e+00
  -4.2445842e-01  -7.5763895e-01   4.9586922e-01   5.9104831e-01  -6.2805244e-01   6.4083614e-01   4.4152823e-01  -8.7138835e-01  -6.5226769e-01  -1.2401728e-01  -7.4781988e-01   1.0551892e+00
  -4.2457480e-01  -7.5788206e-01   4.9539783e-01   5.9139785e-01  -6.2899514e-01   6.4045975e-01   4.4073167e-01  -8.7090028e-01  -6.5128288e-01  -1.2447505e-01  -7.4860174e-01   1.0550365e+00
  -4.2462707e-01  -7.5802251e-01   4.9513815e-01   5.9157412e-01  -6.2948798e-01   6.4024946e-01   4.4033337e-01  -8.7065514e-01  -6.5077240e-01  -1.2470181e-01  -7.4900783e-01   1.0549562e+00
  -4.2468916e-01  -7.5816085e-01   4.9487297e-01   5.9174570e-01  -6.2997487e-01   6.4004363e-01   4.3993615e-01  -8.7041236e-01  -6.5026056e-01  -1.2491716e-01  -7.4941639e-01   1.0548706e+00
  -4.2473911e-01  -7.5828941e-01   4.9463305e-01   5.9192027e-01  -6.3044561e-01   6.3984734e-01   4.3954714e-01  -8.7016805e-01  -6.4977153e-01  -1.2514210e-01  -7.4980294e-01   1.0547941e+00
  -4.2480142e-01  -7.5841787e-01   4.9438253e-01   5.9209085e-01  -6.3091759e-01   6.3965286e-01   4.3915286e-01  -8.6992512e-01  -6.4927248e-01  -1.2535767e-01  -7.5019913e-01   1.0547124e+00
  -4.2490270e-01  -7.5853212e-01   4.9412008e-01   5.9225420e-01  -6.3136755e-01   6.3948181e-01   4.3875511e-01  -8.6967877e-01  -6.4876861e-01  -1.2553888e-01  -7.5060464e-01   1.0546177e+00
  -4.2495717e-01  -7.5865438e-01   4.9388557e-01   5.9242735e-01  -6.3183370e-01   6.3929237e-01   4.3835994e-01  -8.6943456e-01  -6.4827892e-01  -1.2576505e-01  -7.5098976e-01   1.0545398e+00
  -4.2502169e-01  -7.5877459e-01   4.9364534e-01   5.9259115e-01  -6.3227938e-01   6.3911021e-01   4.3798281e-01  -8.6919498e-01  -6.4780196e-01  -1.2596531e-01  -7.5136768e-01   1.0544577e+00
  -4.2510330e-01  -7.5891868e-01   4.9335343e-01   5.9275388e-01  -6.3275222e-01   6.3890446e-01   4.3759997e-01  -8.6895318e-01  -6.4728649e-01  -1.2614100e-01  -7.5178232e-01   1.0543576e+00
  -4.2515660e-01  -7.5904486e-01   4.9311330e-01   5.9292395e-01  -6.3321222e-01   6.3871205e-01   4.3721536e-01  -8.6870951e-01  -6.4680148e-01  -1.2635604e-01  -7.5216356e-01   1.0542766e+00
  -4.2525140e-01  -7.5929129e-01   4.9265198e-01   5.9327078e-01  -6.3411950e-01   6.3833236e-01   4.3645414e-01  -8.6820939e-01  -6.4584957e-01  -1.2679320e-01  -7.5290755e-01   1.0541176e+00
  -4.2532004e-01  -7.5941146e-01   4.9240743e-01   5.9343962e-01  -6.3458045e-01   6.3814728e-01   4.3605470e-01  -8.6796747e-01  -6.4535143e-01  -1.2700501e-01  -7.5329893e-01   1.0540325e+00
  -4.2534371e-01  -7.5952680e-01   4.9220911e-01   5.9361827e-01  -6.3503656e-01   6.3795940e-01   4.3566540e-01  -8.6772592e-01  -6.4488709e-01  -1.2725891e-01  -7.5365369e-01   1.0539646e+00
  -4.2539809e-01  -7.5966769e-01   4.9194458e-01   5.9378829e-01  -6.3550306e-01   6.3775208e-01   4.3528860e-01  -8.6748284e-01  -6.4439145e-01  -1.2745699e-01  -7.5404405e-01   1.0538750e+00
  -4.2548866e-01  -7.5979516e-01   4.9166933e-01   5.9395120e-01  -6.3595133e-01   6.3756639e-01   4.3490572e-01  -8.6724350e-01  -6.4388921e-01  -1.2762599e-01  -7.5444438e-01   1.0537727e+00
  -4.2552691e-01  -7.5992428e-01   4.9143665e-01   5.9412419e-01  -6.3642010e-01   6.3736593e-01   4.3451373e-01  -8.6699681e-01  -6.4340064e-01  -1.2785856e-01  -7.5482176e-01   1.0536979e+00
  -4.2561518e-01  -7.6004082e-01   4.9117984e-01   5.9428654e-01  -6.3686034e-01   6.3719079e-01   4.3412531e-01  -8.6675516e-01  -6.4290635e-01  -1.2803831e-01  -7.5521227e-01   1.0536011e+00
  -4.2574211e-01  -7.6014532e-01   4.9090814e-01   5.9444282e-01  -6.3729069e-01   6.3703506e-01   4.3372212e-01  -8.6651684e-01  -6.4239570e-01  -1.2819306e-01  -7.5562047e-01   1.0534938e+00
  -4.2581248e-01  -7.6025399e-01   4.9067868e-01   5.9461073e-01  -6.3774153e-01   6.3686140e-01   4.3331433e-01  -8.6627414e-01  -6.4190144e-01  -1.2841114e-01  -7.5600335e-01   1.0534110e+00
  -4.2587207e-01  -7.6038282e-01   4.9042732e-01   5.9477338e-01  -6.3818394e-01   6.3666956e-01   4.3294471e-01  -8.6602829e-01  -6.4142206e-01  -1.2859944e-01  -7.5637818e-01   1.0533231e+00
  -4.2606127e-01  -7.6062738e-01   4.8988340e-01   5.9508893e-01  -6.3908139e-01   6.3630694e-01   4.3215322e-01  -8.6555680e-01  -6.4040203e-01  -1.2894722e-01  -7.5718284e-01   1.0531223e+00
  -4.2614274e-01  -7.6073455e-01   4.8964615e-01   5.9524741e-01  -6.3951032e-01   6.3614052e-01   4.3176357e-01  -8.6531956e-01  -6.3991945e-01  -1.2913644e-01  -7.5755850e-01   1.0530321e+00
  -4.2628985e-01  -7.6082824e-01   4.8937238e-01   5.9539734e-01  -6.3993414e-01   6.3599849e-01   4.3134466e-01  -8.6508519e-01  -6.3939755e-01  -1.2928387e-01  -7.5797389e-01   1.0529213e+00
  -4.2638679e-01  -7.6092968e-01   4.8913021e-01   5.9555607e-01  -6.4036543e-01   6.3583908e-01   4.3093939e-01  -8.6484876e-01  -6.3890098e-01  -1.2947079e-01  -7.5836065e-01   1.0528253e+00
  -4.2646100e-01  -7.6104203e-01   4.8889068e-01   5.9571724e-01  -6.4079575e-01   6.3566610e-01   4.3055476e-01  -8.6461379e-01  -6.3841979e-01  -1.2965987e-01  -7.5873346e-01   1.0527344e+00
  -4.2654982e-01  -7.6116533e-01   4.8862114e-01   5.9587506e-01  -6.4123995e-01   6.3548308e-01   4.3016340e-01  -8.6438180e-01  -6.3791426e-01  -1.2983287e-01  -7.5912901e-01   1.0526333e+00
  -4.2665840e-01  -7.6127707e-01   4.8835216e-01   5.9602484e-01  -6.4167046e-01   6.3531649e-01   4.2976736e-01  -8.6414743e-01  -6.3740857e-01  -1.2999286e-01  -7.5952627e-01   1.0525282e+00
  -4.2671199e-01  -7.6139567e-01   4.8812038e-01   5.9618706e-01  -6.4211347e-01   6.3513131e-01   4.2937919e-01  -8.6390322e-01  -6.3692637e-01  -1.3020300e-01  -7.5989474e-01   1.0524467e+00
  -4.2681654e-01  -7.6148983e-01   4.8788203e-01   5.9634380e-01  -6.4252983e-01   6.3498212e-01   4.2897679e-01  -8.6366247e-01  -6.3643621e-01  -1.3037991e-01  -7.6027497e-01   1.0523502e+00
  -4.2690767e-01  -7.6160224e-01   4.8762673e-01   5.9650398e-01  -6.4296737e-01   6.3481003e-01   4.2857584e-01  -8.6342048e-01  -6.3593306e-01  -1.3056133e-01  -7.6066476e-01   1.0522507e+00
  -4.2709793e-01  -7.6181041e-01   4.8713475e-01   5.9681118e-01  -6.4380021e-01   6.3449018e-01   4.2779845e-01  -8.6296144e-01  -6.3496193e-01  -1.3090116e-01  -7.6141724e-01   1.0520518e+00
  -4.2718487e-01  -7.6193022e-01   4.8687103e-01   5.9696737e-01  -6.4422338e-01   6.3431340e-01   4.2742345e-01  -8.6272408e-01  -6.3447409e-01  -1.3106043e-01  -7.6179646e-01   1.0519467e+00
  -4.2730066e-01  -7.6204400e-01   4.8659127e-01   5.9711327e-01  -6.4466150e-01   6.3414392e-01   4.2701407e-01  -8.6249679e-01  -6.3395091e-01  -1.3121878e-01  -7.6220460e-01   1.0518395e+00
  -4.2740541e-01  -7.6214640e-01   4.8633888e-01   5.9726824e-01  -6.4508357e-01   6.3398571e-01   4.2661141e-01  -8.6225473e-01  -6.3345072e-01  -1.3138870e-01  -7.6259111e-01   1.0517398e+00
  -4.2746998e-01  -7.6226028e-01   4.8610359e-01   5.9742681e-01  -6.4549821e-01   6.3381152e-01   4.2624293e-01  -8.6200790e-01  -6.3298460e-01  -1.3156846e-01  -7.6294706e-01   1.0516480e+00
  -4.2758218e-01  -7.6234994e-01   4.8586420e-01   5.9758169e-01  -6.4589740e-01   6.3367028e-01   4.2584798e-01  -8.6176930e-01  -6.3250142e-01  -1.3172893e-01  -7.6332001e-01   1.0515442e+00
  -4.2764728e-01  -7.6246624e-01   4.8562437e-01   5.9773694e-01  -6.4632122e-01   6.3349188e-01   4.2547020e-01  -8.6153574e-01  -6.3202432e-01  -1.3191366e-01  -7.6368325e-01   1.0514512e+00
  -4.2771332e-01  -7.6259786e-01   4.8535946e-01   5.9789561e-01  -6.4674872e-01   6.3329935e-01   4.2510701e-01  -8.6129365e-01  -6.3154210e-01  -1.3207716e-01  -7.6405381e-01   1.0513502e+00
  -4.2782098e-01  -7.6271664e-01   4.8507787e-01   5.9804096e-01  -6.4718410e-01   6.3312395e-01   4.2470552e-01  -8.6106419e-01  -6.3102294e-01  -1.3223225e-01  -7.6445581e-01   1.0512422e+00
  -4.2799607e-01  -7.6293046e-01   4.8458695e-01   5.9834905e-01  -6.4799249e-01   6.3279926e-01   4.2395614e-01  -8.6058455e-01  -6.3007390e-01  -1.3255265e-01  -7.6518275e-01   1.0510399e+00
  -4.2812561e-01  -7.6302411e-01   4.8432494e-01   5.9849946e-01  -6.4839712e-01   6.3265603e-01   4.2355113e-01  -8.6034780e-01  -6.2956940e-01  -1.3269726e-01  -7.6557289e-01   1.0509271e+00
  -4.2818601e-01  -7.6314442e-01   4.8408197e-01   5.9865659e-01  -6.4882147e-01   6.3247241e-01   4.2317530e-01  -8.6010693e-01  -6.2909097e-01  -1.3288052e-01  -7.6593430e-01   1.0508335e+00
  -4.2827101e-01  -7.6326327e-01   4.8381930e-01   5.9880698e-01  -6.4923307e-01   6.3229721e-01   4.2280571e-01  -8.5987435e-01  -6.2860831e-01  -1.3303154e-01  -7.6630424e-01   1.0507294e+00
  -4.2837943e-01  -7.6339125e-01   4.8352133e-01   5.9895109e-01  -6.4965643e-01   6.3211578e-01   4.2242649e-01  -8.5964594e-01  -6.2809684e-01  -1.3315941e-01  -7.6670131e-01   1.0506102e+00
  -4.2842162e-01  -7.6352017e-01   4.8328032e-01   5.9910732e-01  -6.5007798e-01   6.3192157e-01   4.2206847e-01  -8.5940474e-01  -6.2763168e-01  -1.3334214e-01  -7.6705043e-01   1.0505203e+00
  -4.2856193e-01  -7.6360846e-01   4.8301633e-01   5.9924883e-01  -6.5045557e-01   6.3179020e-01   4.2168319e-01  -8.5917642e-01  -6.2714449e-01  -1.3345882e-01  -7.6742851e-01   1.0504000e+00
  -4.2867193e-01  -7.6370795e-01   4.8276137e-01   5.9939694e-01  -6.5085443e-01   6.3163888e-01   4.2129431e-01  -8.5894222e-01  -6.2665533e-01  -1.3360582e-01  -7.6780242e-01   1.0502903e+00
  -4.2876833e-01  -7.6380773e-01   4.8251785e-01   5.9954702e-01  -6.5125543e-01   6.3148419e-01   4.2090627e-01  -8.5870587e-01  -6.2617256e-01  -1.3376659e-01  -7.6816819e-01   1.0501888e+00
  -4.2886732e-01  -7.6392098e-01   4.8225046e-01   5.9969607e-01  -6.5165753e-01   6.3131785e-01   4.2053324e-01  -8.5847236e-01  -6.2568623e-01  -1.3390463e-01  -7.6854037e-01   1.0500776e+00
  -4.2902427e-01  -7.6417678e-01   4.8170534e-01   5.9999044e-01  -6.5248255e-01   6.3094736e-01   4.1980949e-01  -8.5800921e-01  -6.2471813e-01  -1.3419132e-01  -7.6927756e-01   1.0498630e+00
  -4.2911974e-01  -7.6428111e-01   4.8145466e-01   6.0013263e-01  -6.5286224e-01   6.3079267e-01   4.1945146e-01  -8.5778005e-01  -6.2425570e-01  -1.3432412e-01  -7.6962970e-01   1.0497536e+00
  -4.2916972e-01  -7.6440163e-01   4.8121876e-01   6.0028974e-01  -6.5326869e-01   6.3060957e-01   4.1909381e-01  -8.5753611e-01  -6.2379591e-01  -1.3449819e-01  -7.6997201e-01   1.0496595e+00
  -4.2927960e-01  -7.6449366e-01   4.8097442e-01   6.0043433e-01  -6.5363380e-01   6.3047120e-01   4.1873247e-01  -8.5730177e-01  -6.2333768e-01  -1.3462324e-01  -7.7032115e-01   1.0495466e+00
  -4.2934003e-01  -7.6460841e-01   4.8073806e-01   6.0058765e-01  -6.5402371e-01   6.3029845e-01   4.1838363e-01  -8.5706025e-01  -6.2288694e-01  -1.3478069e-01  -7.7065815e-01   1.0494487e+00
  -4.2939683e-01  -7.6473213e-01   4.8049052e-01   6.0073980e-01  -6.5442819e-01   6.3011390e-01   4.1802892e-01  -8.5682489e-01  -6.2242274e-01  -1.3494161e-01  -7.7100499e-01   1.0493474e+00
  -4.2947942e-01  -7.6486439e-01   4.8020605e-01   6.0088340e-01  -6.5482029e-01   6.2992934e-01   4.1769294e-01  -8.5659679e-01  -6.2195321e-01  -1.3505357e-01  -7.7136418e-01   1.0492311e+00
  -4.2957373e-01  -7.6498441e-01   4.7993049e-01   6.0102804e-01  -6.5521087e-01   6.2975796e-01   4.1733879e-01  -8.5636427e-01  -6.2147652e-01  -1.3517332e-01  -7.7172735e-01   1.0491153e+00
  -4.2962269e-01  -7.6511653e-01   4.7967600e-01   6.0117874e-01  -6.5560128e-01   6.2956731e-01   4.1701311e-01  -8.5611975e-01  -6.2103085e-01  -1.3531328e-01  -7.7206152e-01   1.0490118e+00
  -4.2977176e-01  -7.6534451e-01   4.7917846e-01   6.0147718e-01  -6.5634371e-01   6.2923544e-01   4.1634567e-01  -8.5563975e-01  -6.2014284e-01  -1.3556755e-01  -7.7273042e-01   1.0487942e+00
  -4.2984800e-01  -7.6547083e-01   4.7890826e-01   6.0162379e-01  -6.5671980e-01   6.2905791e-01   4.1602078e-01  -8.5540385e-01  -6.1969169e-01  -1.3567826e-01  -7.7307283e-01   1.0486763e+00
  -4.2991626e-01  -7.6559461e-01   4.7864899e-01   6.0176965e-01  -6.5708579e-01   6.2888312e-01   4.1570691e-01  -8.5517102e-01  -6.1925619e-01  -1.3578968e-01  -7.7340219e-01   1.0485630e+00
  -4.2996577e-01  -7.6573696e-01   4.7837678e-01   6.0191316e-01  -6.5745899e-01   6.2868711e-01   4.1541334e-01  -8.5493606e-01  -6.1882560e-01  -1.3589500e-01  -7.7372826e-01   1.0484525e+00
  -4.3009398e-01  -7.6585606e-01   4.7807079e-01   6.0204360e-01  -6.5782890e-01   6.2852688e-01   4.1507005e-01  -8.5470977e-01  -6.1834322e-01  -1.3596502e-01  -7.7410158e-01   1.0483194e+00
  -4.3019123e-01  -7.6595431e-01   4.7782577e-01   6.0218652e-01  -6.5818232e-01   6.2838237e-01   4.1472838e-01  -8.5447521e-01  -6.1789929e-01  -1.3607933e-01  -7.7443583e-01   1.0482064e+00
