  -1.9227258e-01  -4.6740339e-01   8.6292142e-01   4.7352697e-01  -4.9643790e-01   8.0484554e-01   3.2533222e-01  -1.0564892e+00  -8.4655101e-01  -3.6582199e-01  -3.8677336e-01   1.0296798e+00
  -1.9273804e-01  -4.6760912e-01   8.6270604e-01   4.7366491e-01  -4.9660350e-01   8.0477222e-01   3.2526080e-01  -1.0563519e+00  -8.4634803e-01  -3.6572029e-01  -3.8731338e-01   1.0296417e+00
  -1.9302568e-01  -4.6787148e-01   8.6249950e-01   4.7383889e-01  -4.9679657e-01   8.0463675e-01   3.2530115e-01  -1.0561968e+00  -8.4616916e-01  -3.6568285e-01  -3.8773934e-01   1.0296348e+00
  -1.9340586e-01  -4.6812160e-01   8.6227861e-01   4.7399999e-01  -4.9697848e-01   8.0452580e-01   3.2529782e-01  -1.0560454e+00  -8.4597554e-01  -3.6560694e-01  -3.8823317e-01   1.0296111e+00
  -1.9397650e-01  -4.6833146e-01   8.6203643e-01   4.7411371e-01  -4.9712980e-01   8.0447423e-01   3.2519405e-01  -1.0559130e+00  -8.4575591e-01  -3.6545160e-01  -3.8885737e-01   1.0295497e+00
  -1.9449644e-01  -4.6853387e-01   8.6180927e-01   4.7423848e-01  -4.9729913e-01   8.0440950e-01   3.2509532e-01  -1.0557836e+00  -8.4553692e-01  -3.6533469e-01  -3.8944303e-01   1.0295025e+00
  -1.9485895e-01  -4.6879521e-01   8.6158517e-01   4.7439688e-01  -4.9751860e-01   8.0427512e-01   3.2509192e-01  -1.0556425e+00  -8.4532431e-01  -3.6529515e-01  -3.8994129e-01   1.0294843e+00
  -1.9528477e-01  -4.6904731e-01   8.6135157e-01   4.7454320e-01  -4.9771864e-01   8.0416302e-01   3.2506314e-01  -1.0555006e+00  -8.4510832e-01  -3.6521841e-01  -3.9048108e-01   1.0294516e+00
  -1.9639360e-01  -4.6948028e-01   8.6086343e-01   4.7479983e-01  -4.9809837e-01   8.0401636e-01   3.2484422e-01  -1.0552364e+00  -8.4462750e-01  -3.6498491e-01  -3.9173770e-01   1.0293587e+00
  -1.9679177e-01  -4.6973314e-01   8.6063455e-01   4.7495585e-01  -4.9830326e-01   8.0389734e-01   3.2482455e-01  -1.0550932e+00  -8.4441393e-01  -3.6492177e-01  -3.9225661e-01   1.0293343e+00
  -1.9715476e-01  -4.6998517e-01   8.6041383e-01   4.7512352e-01  -4.9851953e-01   8.0376793e-01   3.2481288e-01  -1.0549488e+00  -8.4420154e-01  -3.6488229e-01  -3.9275012e-01   1.0293172e+00
  -1.9765107e-01  -4.7020940e-01   8.6017738e-01   4.7526261e-01  -4.9871209e-01   8.0368103e-01   3.2473232e-01  -1.0548114e+00  -8.4397177e-01  -3.6478479e-01  -3.9333413e-01   1.0292783e+00
  -1.9820776e-01  -4.7042497e-01   8.5993145e-01   4.7538413e-01  -4.9888219e-01   8.0361693e-01   3.2462957e-01  -1.0546777e+00  -8.4374063e-01  -3.6464797e-01  -3.9395637e-01   1.0292213e+00
  -1.9860136e-01  -4.7066154e-01   8.5971114e-01   4.7554000e-01  -4.9907309e-01   8.0350936e-01   3.2460248e-01  -1.0545306e+00  -8.4353513e-01  -3.6457983e-01  -3.9445911e-01   1.0291963e+00
  -1.9898887e-01  -4.7092503e-01   8.5947723e-01   4.7570900e-01  -4.9929132e-01   8.0337881e-01   3.2459006e-01  -1.0543779e+00  -8.4331466e-01  -3.6452731e-01  -3.9497880e-01   1.0291788e+00
  -1.9951430e-01  -4.7114096e-01   8.5923705e-01   4.7584472e-01  -4.9947421e-01   8.0330395e-01   3.2449389e-01  -1.0542387e+00  -8.4308218e-01  -3.6441318e-01  -3.9557988e-01   1.0291331e+00
  -2.0009292e-01  -4.7133572e-01   8.5899563e-01   4.7595487e-01  -4.9963672e-01   8.0325461e-01   3.2436583e-01  -1.0541159e+00  -8.4284871e-01  -3.6427007e-01  -3.9620874e-01   1.0290689e+00
  -2.0090271e-01  -4.7188882e-01   8.5850282e-01   4.7627940e-01  -5.0009118e-01   8.0298148e-01   3.2434174e-01  -1.0538189e+00  -8.4238644e-01  -3.6415616e-01  -3.9729508e-01   1.0290220e+00
  -2.0139888e-01  -4.7213952e-01   8.5824869e-01   4.7642583e-01  -5.0028694e-01   8.0288318e-01   3.2428318e-01  -1.0536729e+00  -8.4215165e-01  -3.6404797e-01  -3.9789149e-01   1.0289784e+00
  -2.0196121e-01  -4.7234248e-01   8.5800483e-01   4.7654649e-01  -5.0044571e-01   8.0282970e-01   3.2417061e-01  -1.0535405e+00  -8.4192264e-01  -3.6390256e-01  -3.9850870e-01   1.0289194e+00
  -2.0237985e-01  -4.7258820e-01   8.5777084e-01   4.7669896e-01  -5.0064999e-01   8.0271690e-01   3.2413447e-01  -1.0534000e+00  -8.4170064e-01  -3.6383231e-01  -3.9904141e-01   1.0288882e+00
  -2.0277999e-01  -4.7284769e-01   8.5753328e-01   4.7685477e-01  -5.0086112e-01   8.0259298e-01   3.2411527e-01  -1.0532572e+00  -8.4147874e-01  -3.6376861e-01  -3.9956720e-01   1.0288582e+00
  -2.0331470e-01  -4.7306362e-01   8.5728758e-01   4.7698536e-01  -5.0103744e-01   8.0252247e-01   3.2401720e-01  -1.0531199e+00  -8.4124468e-01  -3.6364332e-01  -4.0017362e-01   1.0288026e+00
  -2.0386910e-01  -4.7328406e-01   8.5703418e-01   4.7710909e-01  -5.0122015e-01   8.0245078e-01   3.2391223e-01  -1.0529862e+00  -8.4100166e-01  -3.6351476e-01  -4.0080077e-01   1.0287454e+00
  -2.0425444e-01  -4.7355185e-01   8.5679448e-01   4.7727924e-01  -5.0142520e-01   8.0232389e-01   3.2390921e-01  -1.0528307e+00  -8.4078586e-01  -3.6344610e-01  -4.0131543e-01   1.0287200e+00
  -2.0461588e-01  -4.7381288e-01   8.5656387e-01   4.7745117e-01  -5.0162942e-01   8.0219598e-01   3.2390980e-01  -1.0526789e+00  -8.4057611e-01  -3.6338822e-01  -4.0180686e-01   1.0286995e+00
  -2.0561759e-01  -4.7431491e-01   8.5604600e-01   4.7774122e-01  -5.0204053e-01   8.0199217e-01   3.2377755e-01  -1.0523986e+00  -8.4008614e-01  -3.6318309e-01  -4.0301529e-01   1.0286056e+00
  -2.0606441e-01  -4.7457037e-01   8.5579697e-01   4.7789635e-01  -5.0227020e-01   8.0186927e-01   3.2372561e-01  -1.0522592e+00  -8.3983932e-01  -3.6312061e-01  -4.0358560e-01   1.0285739e+00
  -2.0646114e-01  -4.7482866e-01   8.5555802e-01   4.7805641e-01  -5.0248142e-01   8.0174514e-01   3.2370531e-01  -1.0521128e+00  -8.3961552e-01  -3.6305708e-01  -4.0410807e-01   1.0285455e+00
  -2.0699609e-01  -4.7508254e-01   8.5528778e-01   4.7818550e-01  -5.0266496e-01   8.0165723e-01   3.2363806e-01  -1.0519740e+00  -8.3937389e-01  -3.6291903e-01  -4.0473354e-01   1.0284853e+00
  -2.0759833e-01  -4.7529820e-01   8.5502196e-01   4.7830163e-01  -5.0283470e-01   8.0160077e-01   3.2351424e-01  -1.0518449e+00  -8.3912349e-01  -3.6276135e-01  -4.0539359e-01   1.0284155e+00
  -2.0807664e-01  -4.7554730e-01   8.5476715e-01   4.7844707e-01  -5.0305626e-01   8.0148898e-01   3.2344678e-01  -1.0517081e+00  -8.3887218e-01  -3.6268191e-01  -4.0598435e-01   1.0283789e+00
  -2.0850484e-01  -4.7582898e-01   8.5450599e-01   4.7859627e-01  -5.0328148e-01   8.0135505e-01   3.2342823e-01  -1.0515663e+00  -8.3863071e-01  -3.6260836e-01  -4.0654849e-01   1.0283390e+00
  -2.0901449e-01  -4.7608265e-01   8.5424015e-01   4.7873971e-01  -5.0349294e-01   8.0125101e-01   3.2335682e-01  -1.0514265e+00  -8.3837688e-01  -3.6250529e-01  -4.0716353e-01   1.0282892e+00
  -2.0959846e-01  -4.7632078e-01   8.5396428e-01   4.7886830e-01  -5.0369595e-01   8.0116872e-01   3.2324467e-01  -1.0512934e+00  -8.3810911e-01  -3.6237443e-01  -4.0783072e-01   1.0282296e+00
  -2.1044699e-01  -4.7684758e-01   8.5346145e-01   4.7919201e-01  -5.0415661e-01   8.0090897e-01   3.2317012e-01  -1.0510079e+00  -8.3761933e-01  -3.6225575e-01  -4.0894088e-01   1.0281730e+00
  -2.1094051e-01  -4.7710295e-01   8.5319684e-01   4.7933657e-01  -5.0438047e-01   8.0079625e-01   3.2310013e-01  -1.0508738e+00  -8.3736039e-01  -3.6216859e-01  -4.0954786e-01   1.0281251e+00
  -2.1156472e-01  -4.7731670e-01   8.5292273e-01   4.7945425e-01  -5.0457005e-01   8.0073559e-01   3.2295450e-01  -1.0507454e+00  -8.3708864e-01  -3.6202117e-01  -4.1023316e-01   1.0280566e+00
  -2.1203900e-01  -4.7757936e-01   8.5265786e-01   4.7960785e-01  -5.0478923e-01   8.0061900e-01   3.2290102e-01  -1.0506001e+00  -8.3683650e-01  -3.6193258e-01  -4.1082542e-01   1.0280168e+00
  -2.1239526e-01  -4.7786747e-01   8.5240774e-01   4.7978161e-01  -5.0500857e-01   8.0047337e-01   3.2291910e-01  -1.0504410e+00  -8.3661381e-01  -3.6187442e-01  -4.1132993e-01   1.0279924e+00
  -2.1287180e-01  -4.7813136e-01   8.5214082e-01   4.7993560e-01  -5.0522081e-01   8.0035966e-01   3.2286891e-01  -1.0502927e+00  -8.3636449e-01  -3.6177728e-01  -4.1192189e-01   1.0279478e+00
  -2.1348073e-01  -4.7836031e-01   8.5185999e-01   4.8005828e-01  -5.0539640e-01   8.0029676e-01   3.2274999e-01  -1.0501569e+00  -8.3610311e-01  -3.6161379e-01  -4.1259549e-01   1.0278745e+00
  -2.1397675e-01  -4.7859358e-01   8.5160446e-01   4.8019889e-01  -5.0559454e-01   8.0020396e-01   3.2266974e-01  -1.0500218e+00  -8.3585650e-01  -3.6151044e-01  -4.1318533e-01   1.0278226e+00
  -2.1432794e-01  -4.7887723e-01   8.5135664e-01   4.8036876e-01  -5.0581783e-01   8.0005747e-01   3.2268314e-01  -1.0498699e+00  -8.3563142e-01  -3.6145909e-01  -4.1368520e-01   1.0277972e+00
  -2.1541884e-01  -4.7941743e-01   8.5077709e-01   4.8064746e-01  -5.0622912e-01   7.9985368e-01   3.2254335e-01  -1.0495830e+00  -8.3510167e-01  -3.6119393e-01  -4.1498453e-01   1.0276745e+00
  -2.1592641e-01  -4.7966204e-01   8.5051049e-01   4.8079536e-01  -5.0643831e-01   7.9975364e-01   3.2246286e-01  -1.0494435e+00  -8.3484371e-01  -3.6109055e-01  -4.1559308e-01   1.0276257e+00
  -2.1622524e-01  -4.7997930e-01   8.5025557e-01   4.8098793e-01  -5.0670853e-01   7.9956546e-01   3.2250503e-01  -1.0492912e+00  -8.3460232e-01  -3.6108575e-01  -4.1608170e-01   1.0276151e+00
  -2.1667001e-01  -4.8025881e-01   8.4998448e-01   4.8114129e-01  -5.0692758e-01   7.9943765e-01   3.2247763e-01  -1.0491514e+00  -8.3435398e-01  -3.6099706e-01  -4.1665642e-01   1.0275663e+00
  -2.1724042e-01  -4.8048599e-01   8.4971046e-01   4.8127200e-01  -5.0710823e-01   7.9936695e-01   3.2236889e-01  -1.0490159e+00  -8.3409581e-01  -3.6085131e-01  -4.1729904e-01   1.0274960e+00
  -2.1769811e-01  -4.8073589e-01   8.4945189e-01   4.8143036e-01  -5.0730882e-01   7.9926046e-01   3.2231729e-01  -1.0488699e+00  -8.3385447e-01  -3.6075432e-01  -4.1786482e-01   1.0274498e+00
  -2.1805042e-01  -4.8104295e-01   8.4918768e-01   4.8161624e-01  -5.0755364e-01   7.9909590e-01   3.2233998e-01  -1.0487099e+00  -8.3361344e-01  -3.6070965e-01  -4.1838407e-01   1.0274271e+00
  -2.1846904e-01  -4.8134015e-01   8.4891159e-01   4.8177701e-01  -5.0777174e-01   7.9895746e-01   3.2233966e-01  -1.0485638e+00  -8.3337094e-01  -3.6061981e-01  -4.1894417e-01   1.0273819e+00
  -2.1957372e-01  -4.8187217e-01   8.4832458e-01   4.8204227e-01  -5.0817127e-01   7.9876408e-01   3.2218932e-01  -1.0482908e+00  -8.3283693e-01  -3.6033763e-01  -4.2024688e-01   1.0272484e+00
  -2.2003306e-01  -4.8217381e-01   8.4803415e-01   4.8219297e-01  -5.0841193e-01   7.9862085e-01   3.2216464e-01  -1.0481508e+00  -8.3256880e-01  -3.6025153e-01  -4.2085161e-01   1.0271993e+00
  -2.2048447e-01  -4.8245573e-01   8.4775649e-01   4.8234703e-01  -5.0864637e-01   7.9848650e-01   3.2212758e-01  -1.0480110e+00  -8.3230613e-01  -3.6017189e-01  -4.2143893e-01   1.0271567e+00
  -2.2107884e-01  -4.8273668e-01   8.4744170e-01   4.8246868e-01  -5.0885120e-01   7.9838882e-01   3.2204615e-01  -1.0478775e+00  -8.3202318e-01  -3.6001191e-01  -4.2213365e-01   1.0270788e+00
  -2.2166894e-01  -4.8298188e-01   8.4714776e-01   4.8258937e-01  -5.0903307e-01   7.9831401e-01   3.2194425e-01  -1.0477482e+00  -8.3175490e-01  -3.5984895e-01  -4.2280082e-01   1.0270000e+00
  -2.2204431e-01  -4.8325648e-01   8.4689285e-01   4.8276121e-01  -5.0927581e-01   7.9816630e-01   3.2192651e-01  -1.0476063e+00  -8.3150618e-01  -3.5980784e-01  -4.2332471e-01   1.0269720e+00
  -2.2245470e-01  -4.8354785e-01   8.4661882e-01   4.8292061e-01  -5.0951893e-01   7.9801785e-01   3.2190988e-01  -1.0474681e+00  -8.3124748e-01  -3.5974572e-01  -4.2388515e-01   1.0269339e+00
  -2.2300837e-01  -4.8382189e-01   8.4631648e-01   4.8305583e-01  -5.0973789e-01   7.9791000e-01   3.2183058e-01  -1.0473377e+00  -8.3096486e-01  -3.5961644e-01  -4.2454852e-01   1.0268631e+00
  -2.2358344e-01  -4.8408281e-01   8.4601555e-01   4.8319029e-01  -5.0995797e-01   7.9781019e-01   3.2172935e-01  -1.0472056e+00  -8.3067523e-01  -3.5948679e-01  -4.2522457e-01   1.0267962e+00
  -2.2422210e-01  -4.8468194e-01   8.4550333e-01   4.8357810e-01  -5.1046246e-01   7.9746908e-01   3.2177506e-01  -1.0468939e+00  -8.3019311e-01  -3.5943640e-01  -4.2620763e-01   1.0267622e+00
  -2.2477297e-01  -4.8494841e-01   8.4520421e-01   4.8371727e-01  -5.1066399e-01   7.9737116e-01   3.2169788e-01  -1.0467598e+00  -8.2992011e-01  -3.5929415e-01  -4.2685865e-01   1.0266885e+00
  -2.2531704e-01  -4.8519966e-01   8.4491512e-01   4.8385180e-01  -5.1086141e-01   7.9727969e-01   3.2161109e-01  -1.0466276e+00  -8.2965103e-01  -3.5915787e-01  -4.2749595e-01   1.0266198e+00
  -2.2569740e-01  -4.8550121e-01   8.4464030e-01   4.8402162e-01  -5.1111596e-01   7.9711739e-01   3.2160900e-01  -1.0464833e+00  -8.2939081e-01  -3.5911065e-01  -4.2804018e-01   1.0265884e+00
  -2.2605123e-01  -4.8582579e-01   8.4435903e-01   4.8419615e-01  -5.1134262e-01   7.9695399e-01   3.2165365e-01  -1.0463263e+00  -8.2915475e-01  -3.5903433e-01  -4.2856127e-01   1.0265455e+00
  -2.2662810e-01  -4.8609157e-01   8.4405135e-01   4.8432367e-01  -5.1152776e-01   7.9686771e-01   3.2157299e-01  -1.0461917e+00  -8.2888302e-01  -3.5886605e-01  -4.2922735e-01   1.0264618e+00
  -2.2721445e-01  -4.8632796e-01   8.4375751e-01   4.8444868e-01  -5.1170263e-01   7.9679863e-01   3.2146586e-01  -1.0460596e+00  -8.2861447e-01  -3.5869906e-01  -4.2988488e-01   1.0263825e+00
  -2.2756979e-01  -4.8664069e-01   8.4348134e-01   4.8463464e-01  -5.1194715e-01   7.9663226e-01   3.2148900e-01  -1.0459056e+00  -8.2836592e-01  -3.5864452e-01  -4.3040910e-01   1.0263489e+00
  -2.2838235e-01  -4.8726628e-01   8.4290038e-01   4.8496973e-01  -5.1241575e-01   7.9632499e-01   3.2150369e-01  -1.0456142e+00  -8.2785240e-01  -3.5847747e-01  -4.3153487e-01   1.0262516e+00
  -2.2893492e-01  -4.8755640e-01   8.4258267e-01   4.8510766e-01  -5.1262661e-01   7.9621428e-01   3.2144173e-01  -1.0454800e+00  -8.2756917e-01  -3.5832887e-01  -4.3220094e-01   1.0261747e+00
  -2.2936492e-01  -4.8786584e-01   8.4228654e-01   4.8527365e-01  -5.1287111e-01   7.9606136e-01   3.2143040e-01  -1.0453373e+00  -8.2729858e-01  -3.5824739e-01  -4.3278614e-01   1.0261265e+00
  -2.2969685e-01  -4.8818501e-01   8.4201115e-01   4.8545317e-01  -5.1313177e-01   7.9588156e-01   3.2145975e-01  -1.0451913e+00  -8.2704484e-01  -3.5821220e-01  -4.3329998e-01   1.0260953e+00
  -2.3025607e-01  -4.8843252e-01   8.4171481e-01   4.8557367e-01  -5.1331431e-01   7.9580045e-01   3.2136901e-01  -1.0450689e+00  -8.2677600e-01  -3.5805488e-01  -4.3394258e-01   1.0260121e+00
  -2.3086947e-01  -4.8869155e-01   8.4139635e-01   4.8568115e-01  -5.1347573e-01   7.9573306e-01   3.2127802e-01  -1.0449466e+00  -8.2650469e-01  -3.5785116e-01  -4.3462693e-01   1.0259107e+00
  -2.3134860e-01  -4.8898006e-01   8.4109711e-01   4.8581584e-01  -5.1368059e-01   7.9561342e-01   3.2124687e-01  -1.0448149e+00  -8.2624335e-01  -3.5772308e-01  -4.3522879e-01   1.0258418e+00
  -2.3168081e-01  -4.8931834e-01   8.4080890e-01   4.8598928e-01  -5.1393640e-01   7.9542839e-01   3.2129596e-01  -1.0446635e+00  -8.2599117e-01  -3.5767199e-01  -4.3574919e-01   1.0258077e+00
  -2.3218566e-01  -4.8961711e-01   8.4049566e-01   4.8612968e-01  -5.1413696e-01   7.9531087e-01   3.2126592e-01  -1.0445222e+00  -8.2572452e-01  -3.5752439e-01  -4.3637521e-01   1.0257304e+00
  -2.3320472e-01  -4.9016731e-01   8.3989260e-01   4.8640172e-01  -5.1454542e-01   7.9509236e-01   3.2115280e-01  -1.0442710e+00  -8.2518276e-01  -3.5725638e-01  -4.3761777e-01   1.0255856e+00
  -2.3347677e-01  -4.9049508e-01   8.3962562e-01   4.8659133e-01  -5.1480595e-01   7.9489927e-01   3.2121334e-01  -1.0441250e+00  -8.2494328e-01  -3.5723625e-01  -4.3808544e-01   1.0255623e+00
  -2.3391498e-01  -4.9080949e-01   8.3931986e-01   4.8675066e-01  -5.1504570e-01   7.9474774e-01   3.2120390e-01  -1.0439884e+00  -8.2466948e-01  -3.5714152e-01  -4.3867783e-01   1.0255028e+00
  -2.3447811e-01  -4.9107071e-01   8.3900987e-01   4.8688406e-01  -5.1523935e-01   7.9465723e-01   3.2111724e-01  -1.0438583e+00  -8.2438854e-01  -3.5698379e-01  -4.3933374e-01   1.0254211e+00
  -2.3489121e-01  -4.9139433e-01   8.3870480e-01   4.8705109e-01  -5.1547992e-01   7.9449764e-01   3.2112603e-01  -1.0437138e+00  -8.2412049e-01  -3.5689367e-01  -4.3990941e-01   1.0253698e+00
  -2.3514869e-01  -4.9170796e-01   8.3844878e-01   4.8724305e-01  -5.1570856e-01   7.9432125e-01   3.2119537e-01  -1.0435621e+00  -8.2390398e-01  -3.5685441e-01  -4.4034668e-01   1.0253409e+00
  -2.3554179e-01  -4.9202347e-01   8.3815328e-01   4.8740174e-01  -5.1592377e-01   7.9417236e-01   3.2121791e-01  -1.0434227e+00  -8.2365695e-01  -3.5675083e-01  -4.4089239e-01   1.0252797e+00
  -2.3607722e-01  -4.9230386e-01   8.3783794e-01   4.8753540e-01  -5.1610420e-01   7.9407562e-01   3.2116714e-01  -1.0432929e+00  -8.2339056e-01  -3.5657930e-01  -4.4152829e-01   1.0251920e+00
  -2.3654574e-01  -4.9260503e-01   8.3752875e-01   4.8767945e-01  -5.1631214e-01   7.9394792e-01   3.2114872e-01  -1.0431589e+00  -8.2312566e-01  -3.5644780e-01  -4.4212791e-01   1.0251204e+00
  -2.3719812e-01  -4.9331465e-01   8.3692637e-01   4.8803944e-01  -5.1682064e-01   7.9356382e-01   3.2128010e-01  -1.0428629e+00  -8.2261869e-01  -3.5632169e-01  -4.4317195e-01   1.0250318e+00
  -2.3776456e-01  -4.9358733e-01   8.3660480e-01   4.8817271e-01  -5.1700431e-01   7.9347375e-01   3.2120700e-01  -1.0427349e+00  -8.2233966e-01  -3.5614454e-01  -4.4383164e-01   1.0249395e+00
  -2.3819811e-01  -4.9386531e-01   8.3631736e-01   4.8832478e-01  -5.1721253e-01   7.9334896e-01   3.2118007e-01  -1.0426090e+00  -8.2208322e-01  -3.5603722e-01  -4.4439242e-01   1.0248738e+00
  -2.3845429e-01  -4.9420403e-01   8.3604421e-01   4.8851516e-01  -5.1746944e-01   7.9315018e-01   3.2125714e-01  -1.0424678e+00  -8.2184723e-01  -3.5601009e-01  -4.4485045e-01   1.0248404e+00
  -2.3883013e-01  -4.9453711e-01   8.3573993e-01   4.8867971e-01  -5.1770776e-01   7.9298146e-01   3.2128963e-01  -1.0423337e+00  -8.2158799e-01  -3.5592331e-01  -4.4539843e-01   1.0247812e+00
  -2.3943415e-01  -4.9482801e-01   8.3539483e-01   4.8879512e-01  -5.1790526e-01   7.9288468e-01   3.2121020e-01  -1.0422160e+00  -8.2128770e-01  -3.5573457e-01  -4.4610253e-01   1.0246795e+00
  -2.3993742e-01  -4.9513599e-01   8.3506791e-01   4.8892563e-01  -5.1811332e-01   7.9275994e-01   3.2118255e-01  -1.0420916e+00  -8.2100951e-01  -3.5558401e-01  -4.4673413e-01   1.0245957e+00
  -2.4029356e-01  -4.9546758e-01   8.3476874e-01   4.8909263e-01  -5.1836390e-01   7.9258322e-01   3.2121445e-01  -1.0419557e+00  -8.2074714e-01  -3.5551614e-01  -4.4726992e-01   1.0245455e+00
  -2.4125286e-01  -4.9607596e-01   8.3413047e-01   4.8935720e-01  -5.1874625e-01   7.9234336e-01   3.2118893e-01  -1.0417034e+00  -8.2022402e-01  -3.5520224e-01  -4.4847738e-01   1.0243713e+00
  -2.4172322e-01  -4.9636207e-01   8.3382408e-01   4.8949292e-01  -5.1893324e-01   7.9223063e-01   3.2116491e-01  -1.0415781e+00  -8.1996717e-01  -3.5505394e-01  -4.4906403e-01   1.0242897e+00
  -2.4198251e-01  -4.9670827e-01   8.3354267e-01   4.8967217e-01  -5.1917858e-01   7.9203429e-01   3.2125268e-01  -1.0414360e+00  -8.1973534e-01  -3.5500790e-01  -4.4952347e-01   1.0242506e+00
  -2.4231717e-01  -4.9704064e-01   8.3324728e-01   4.8983956e-01  -5.1940838e-01   7.9186250e-01   3.2130469e-01  -1.0412980e+00  -8.1949087e-01  -3.5492590e-01  -4.5003367e-01   1.0241961e+00
  -2.4283726e-01  -4.9733187e-01   8.3292201e-01   4.8996971e-01  -5.1960277e-01   7.9175285e-01   3.2126057e-01  -1.0411793e+00  -8.1921369e-01  -3.5476247e-01  -4.5066679e-01   1.0241029e+00
  -2.4329155e-01  -4.9761959e-01   8.3261756e-01   4.9011139e-01  -5.1980408e-01   7.9163056e-01   3.2123625e-01  -1.0410591e+00  -8.1895111e-01  -3.5463185e-01  -4.5124642e-01   1.0240273e+00
  -2.4350992e-01  -4.9796497e-01   8.3234717e-01   4.9030624e-01  -5.2005020e-01   7.9142718e-01   3.2133905e-01  -1.0409157e+00  -8.1872993e-01  -3.5460099e-01  -4.5167179e-01   1.0239957e+00
  -2.4427194e-01  -4.9862832e-01   8.3172652e-01   4.9063928e-01  -5.2049267e-01   7.9110679e-01   3.2141157e-01  -1.0406399e+00  -8.1822163e-01  -3.5438369e-01  -4.5276214e-01   1.0238625e+00
  -2.4472095e-01  -4.9896419e-01   8.3139300e-01   4.9078471e-01  -5.2070340e-01   7.9096089e-01   3.2142936e-01  -1.0405116e+00  -8.1795330e-01  -3.5423664e-01  -4.5336166e-01   1.0237814e+00
  -2.4496786e-01  -4.9932840e-01   8.3110159e-01   4.9096587e-01  -5.2094104e-01   7.9075849e-01   3.2154232e-01  -1.0403704e+00  -8.1772807e-01  -3.5417536e-01  -4.5381564e-01   1.0237364e+00
  -2.4522753e-01  -4.9969149e-01   8.3080678e-01   4.9114177e-01  -5.2116586e-01   7.9056414e-01   3.2165592e-01  -1.0402291e+00  -8.1750697e-01  -3.5409719e-01  -4.5427479e-01   1.0236818e+00
  -2.4568728e-01  -4.9999328e-01   8.3048929e-01   4.9127691e-01  -5.2132462e-01   7.9045557e-01   3.2166535e-01  -1.0401037e+00  -8.1726763e-01  -3.5391338e-01  -4.5484825e-01   1.0235843e+00
  -2.4617396e-01  -5.0030871e-01   8.3015519e-01   4.9140416e-01  -5.2150742e-01   7.9033587e-01   3.2166320e-01  -1.0399825e+00  -8.1700452e-01  -3.5373495e-01  -4.5545933e-01   1.0234854e+00
  -2.4644413e-01  -5.0066033e-01   8.2986294e-01   4.9158375e-01  -5.2174571e-01   7.9014174e-01   3.2175369e-01  -1.0398437e+00  -8.1677091e-01  -3.5367109e-01  -4.5592766e-01   1.0234370e+00
  -2.4669180e-01  -5.0104470e-01   8.2955737e-01   4.9177106e-01  -5.2199306e-01   7.8992718e-01   3.2187937e-01  -1.0396990e+00  -8.1653806e-01  -3.5360618e-01  -4.5639488e-01   1.0233871e+00
  -2.4717672e-01  -5.0136316e-01   8.2922048e-01   4.9190521e-01  -5.2217621e-01   7.8980573e-01   3.2188025e-01  -1.0395792e+00  -8.1627428e-01  -3.5342588e-01  -4.5700597e-01   1.0232868e+00
  -2.4799243e-01  -5.0204436e-01   8.2856454e-01   4.9217787e-01  -5.2262271e-01   7.8948503e-01   3.2194236e-01  -1.0393596e+00  -8.1574092e-01  -3.5317538e-01  -4.5815054e-01   1.0231231e+00
  -2.4827426e-01  -5.0242727e-01   8.2824798e-01   4.9234119e-01  -5.2287003e-01   7.8927655e-01   3.2205198e-01  -1.0392317e+00  -8.1549669e-01  -3.5309681e-01  -4.5864561e-01   1.0230627e+00
  -2.4880639e-01  -5.0273817e-01   8.2789957e-01   4.9245292e-01  -5.2304074e-01   7.8917133e-01   3.2203263e-01  -1.0391186e+00  -8.1522497e-01  -3.5288946e-01  -4.5928778e-01   1.0229478e+00
  -2.4932380e-01  -5.0303071e-01   8.2756616e-01   4.9256758e-01  -5.2320264e-01   7.8907456e-01   3.2200673e-01  -1.0390056e+00  -8.1496297e-01  -3.5268888e-01  -4.5990644e-01   1.0228391e+00
  -2.4954339e-01  -5.0336556e-01   8.2729633e-01   4.9274949e-01  -5.2340465e-01   7.8889380e-01   3.2212136e-01  -1.0388643e+00  -8.1476603e-01  -3.5261551e-01  -4.6031144e-01   1.0227911e+00
  -2.4976476e-01  -5.0372454e-01   8.2701100e-01   4.9293156e-01  -5.2362960e-01   7.8869393e-01   3.2224514e-01  -1.0387271e+00  -8.1455361e-01  -3.5254998e-01  -4.6073737e-01   1.0227417e+00
  -2.5018184e-01  -5.0406319e-01   8.2667851e-01   4.9306641e-01  -5.2381397e-01   7.8855250e-01   3.2229164e-01  -1.0386074e+00  -8.1430708e-01  -3.5238223e-01  -4.6130113e-01   1.0226457e+00
  -2.5084778e-01  -5.0476407e-01   8.2604880e-01   4.9336859e-01  -5.2423469e-01   7.8820942e-01   3.2244668e-01  -1.0383646e+00  -8.1383127e-01  -3.5214644e-01  -4.6231970e-01   1.0224965e+00
  -2.5107522e-01  -5.0513537e-01   8.2575271e-01   4.9354483e-01  -5.2446260e-01   7.8800429e-01   3.2257751e-01  -1.0382306e+00  -8.1361426e-01  -3.5207323e-01  -4.6275721e-01   1.0224399e+00
  -2.5145020e-01  -5.0545104e-01   8.2544536e-01   4.9369453e-01  -5.2464676e-01   7.8786462e-01   3.2261913e-01  -1.0381114e+00  -8.1337975e-01  -3.5193261e-01  -4.6327622e-01   1.0223527e+00
  -2.5187862e-01  -5.0574585e-01   8.2513414e-01   4.9383219e-01  -5.2481228e-01   7.8775024e-01   3.2262927e-01  -1.0379974e+00  -8.1314036e-01  -3.5176517e-01  -4.6382327e-01   1.0222580e+00
  -2.5211444e-01  -5.0610539e-01   8.2484160e-01   4.9400566e-01  -5.2502698e-01   7.8755662e-01   3.2275258e-01  -1.0378677e+00  -8.1292866e-01  -3.5168155e-01  -4.6425759e-01   1.0221977e+00
  -2.5234592e-01  -5.0649457e-01   8.2453191e-01   4.9417701e-01  -5.2526020e-01   7.8734256e-01   3.2289531e-01  -1.0377361e+00  -8.1270617e-01  -3.5160049e-01  -4.6470830e-01   1.0221362e+00
  -2.5269399e-01  -5.0685381e-01   8.2420447e-01   4.9432614e-01  -5.2545243e-01   7.8717769e-01   3.2298461e-01  -1.0376101e+00  -8.1247369e-01  -3.5145201e-01  -4.6522680e-01   1.0220483e+00
  -2.5316139e-01  -5.0717175e-01   8.2386538e-01   4.9443997e-01  -5.2559856e-01   7.8706911e-01   3.2301144e-01  -1.0375015e+00  -8.1223363e-01  -3.5123648e-01  -4.6580844e-01   1.0219293e+00
  -2.5347424e-01  -5.0753644e-01   8.2354449e-01   4.9459260e-01  -5.2580459e-01   7.8689003e-01   3.2311240e-01  -1.0373841e+00  -8.1200265e-01  -3.5111090e-01  -4.6630546e-01   1.0218473e+00
  -2.5394640e-01  -5.0825079e-01   8.2295830e-01   4.9492928e-01  -5.2619782e-01   7.8651967e-01   3.2337385e-01  -1.0371314e+00  -8.1160032e-01  -3.5090732e-01  -4.6715841e-01   1.0217111e+00
  -2.5446800e-01  -5.0858990e-01   8.2258759e-01   4.9503052e-01  -5.2636445e-01   7.8640301e-01   3.2338647e-01  -1.0370359e+00  -8.1132887e-01  -3.5067743e-01  -4.6780214e-01   1.0215796e+00
  -2.5481966e-01  -5.0896203e-01   8.2224852e-01   4.9516545e-01  -5.2658545e-01   7.8622092e-01   3.2346944e-01  -1.0369299e+00  -8.1107506e-01  -3.5054580e-01  -4.6834059e-01   1.0214928e+00
  -2.5501629e-01  -5.0936673e-01   8.2193692e-01   4.9533288e-01  -5.2684239e-01   7.8598399e-01   3.2362667e-01  -1.0368121e+00  -8.1084633e-01  -3.5048919e-01  -4.6877877e-01   1.0214385e+00
  -2.5535794e-01  -5.0973980e-01   8.2159945e-01   4.9547435e-01  -5.2702123e-01   7.8581793e-01   3.2373881e-01  -1.0366919e+00  -8.1062257e-01  -3.5031916e-01  -4.6929261e-01   1.0213377e+00
  -2.5586165e-01  -5.1005143e-01   8.2124926e-01   4.9557942e-01  -5.2716158e-01   7.8572025e-01   3.2374740e-01  -1.0365928e+00  -8.1037244e-01  -3.5008462e-01  -4.6989923e-01   1.0212088e+00
  -2.5609481e-01  -5.1039925e-01   8.2096046e-01   4.9574656e-01  -5.2736635e-01   7.8553437e-01   3.2386502e-01  -1.0364722e+00  -8.1016556e-01  -3.4999487e-01  -4.7032265e-01   1.0211464e+00
  -2.5621952e-01  -5.1080425e-01   8.2066961e-01   4.9593133e-01  -5.2759090e-01   7.8529875e-01   3.2407055e-01  -1.0363376e+00  -8.0997986e-01  -3.4993273e-01  -4.7068857e-01   1.0210949e+00
  -2.5689339e-01  -5.1150694e-01   8.2002102e-01   4.9620327e-01  -5.2792668e-01   7.8499105e-01   3.2426913e-01  -1.0361183e+00  -8.0954752e-01  -3.4959648e-01  -4.7168111e-01   1.0208979e+00
  -2.5713659e-01  -5.1190167e-01   8.1969837e-01   4.9635652e-01  -5.2813602e-01   7.8478603e-01   3.2442444e-01  -1.0360051e+00  -8.0933376e-01  -3.4947896e-01  -4.7213484e-01   1.0208194e+00
  -2.5719825e-01  -5.1230248e-01   8.1942860e-01   4.9655731e-01  -5.2835131e-01   7.8454488e-01   3.2465706e-01  -1.0358723e+00  -8.0917361e-01  -3.4943310e-01  -4.7244321e-01   1.0207730e+00
  -2.5740517e-01  -5.1268138e-01   8.1912662e-01   4.9672996e-01  -5.2854853e-01   7.8434497e-01   3.2481910e-01  -1.0357502e+00  -8.0897903e-01  -3.4932619e-01  -4.7285537e-01   1.0207004e+00
  -2.5779106e-01  -5.1301383e-01   8.1879705e-01   4.9685514e-01  -5.2869786e-01   7.8421474e-01   3.2489050e-01  -1.0356481e+00  -8.0875854e-01  -3.4913050e-01  -4.7337677e-01   1.0205870e+00
  -2.5806402e-01  -5.1337750e-01   8.1848304e-01   4.9700294e-01  -5.2887354e-01   7.8404126e-01   3.2502312e-01  -1.0355372e+00  -8.0855654e-01  -3.4898537e-01  -4.7382855e-01   1.0204967e+00
  -2.5814468e-01  -5.1379535e-01   8.1819538e-01   4.9718916e-01  -5.2908920e-01   7.8379604e-01   3.2526365e-01  -1.0354075e+00  -8.0838975e-01  -3.4892142e-01  -4.7416022e-01   1.0204424e+00
  -2.5836354e-01  -5.1418087e-01   8.1788404e-01   4.9734400e-01  -5.2927832e-01   7.8359865e-01   3.2543147e-01  -1.0352945e+00  -8.0819597e-01  -3.4879681e-01  -4.7458198e-01   1.0203589e+00
  -2.5907395e-01  -5.1492044e-01   8.1719372e-01   4.9759745e-01  -5.2959053e-01   7.8329149e-01   3.2566289e-01  -1.0350891e+00  -8.0776391e-01  -3.4839548e-01  -4.7561125e-01   1.0201246e+00
  -2.5913627e-01  -5.1533180e-01   8.1691466e-01   4.9779166e-01  -5.2981941e-01   7.8303949e-01   3.2589662e-01  -1.0349660e+00  -8.0759384e-01  -3.4835377e-01  -4.7593053e-01   1.0200791e+00
  -2.5935141e-01  -5.1571913e-01   8.1660186e-01   4.9794617e-01  -5.2999650e-01   7.8284553e-01   3.2607459e-01  -1.0348523e+00  -8.0740857e-01  -3.4821640e-01  -4.7634521e-01   1.0199904e+00
  -2.5981465e-01  -5.1606944e-01   8.1623322e-01   4.9804157e-01  -5.3012543e-01   7.8272981e-01   3.2614278e-01  -1.0347629e+00  -8.0717496e-01  -3.4795749e-01  -4.7692999e-01   1.0198460e+00
  -2.6016672e-01  -5.1642668e-01   8.1589505e-01   4.9815504e-01  -5.3029744e-01   7.8257350e-01   3.2623814e-01  -1.0346777e+00  -8.0694853e-01  -3.4777894e-01  -4.7744309e-01   1.0197357e+00
  -2.6026060e-01  -5.1684358e-01   8.1560108e-01   4.9832452e-01  -5.3051463e-01   7.8232929e-01   3.2647067e-01  -1.0345655e+00  -8.0677547e-01  -3.4770905e-01  -4.7778633e-01   1.0196762e+00
  -2.6048956e-01  -5.1724969e-01   8.1527051e-01   4.9846914e-01  -5.3069260e-01   7.8212946e-01   3.2666011e-01  -1.0344573e+00  -8.0658452e-01  -3.4755464e-01  -4.7822086e-01   1.0195787e+00
  -2.6086453e-01  -5.1761275e-01   8.1492006e-01   4.9858195e-01  -5.3082302e-01   7.8199251e-01   3.2677611e-01  -1.0343618e+00  -8.0637745e-01  -3.4732223e-01  -4.7873863e-01   1.0194480e+00
  -2.6108996e-01  -5.1798321e-01   8.1461244e-01   4.9872606e-01  -5.3098295e-01   7.8181398e-01   3.2694344e-01  -1.0342570e+00  -8.0619919e-01  -3.4717187e-01  -4.7914774e-01   1.0193588e+00
  -2.6110122e-01  -5.1842033e-01   8.1433074e-01   4.9891921e-01  -5.3118857e-01   7.8155183e-01   3.2723604e-01  -1.0341292e+00  -8.0606006e-01  -3.4710965e-01  -4.7942681e-01   1.0193084e+00
  -2.6151814e-01  -5.1918462e-01   8.1370979e-01   4.9921459e-01  -5.3149440e-01   7.8118493e-01   3.2761530e-01  -1.0339127e+00  -8.0572327e-01  -3.4679302e-01  -4.8022143e-01   1.0191180e+00
  -2.6175118e-01  -5.1953455e-01   8.1341144e-01   4.9935516e-01  -5.3163789e-01   7.8102263e-01   3.2776942e-01  -1.0338139e+00  -8.0555290e-01  -3.4663452e-01  -4.8062153e-01   1.0190223e+00
  -2.6181235e-01  -5.1996371e-01   8.1311747e-01   4.9953337e-01  -5.3183852e-01   7.8077387e-01   3.2803645e-01  -1.0336993e+00  -8.0540058e-01  -3.4655140e-01  -4.8093660e-01   1.0189557e+00
  -2.6191069e-01  -5.2036164e-01   8.1283122e-01   4.9970345e-01  -5.3201431e-01   7.8055471e-01   3.2827293e-01  -1.0335844e+00  -8.0525245e-01  -3.4644788e-01  -4.8125910e-01   1.0188824e+00
  -2.6220936e-01  -5.2073602e-01   8.1249509e-01   4.9983264e-01  -5.3214903e-01   7.8039739e-01   3.2842856e-01  -1.0334838e+00  -8.0506624e-01  -3.4623966e-01  -4.8172027e-01   1.0187636e+00
  -2.6250616e-01  -5.2109415e-01   8.1216956e-01   4.9995172e-01  -5.3226281e-01   7.8025527e-01   3.2858185e-01  -1.0333885e+00  -8.0489431e-01  -3.4602111e-01  -4.8216447e-01   1.0186413e+00
  -2.6252788e-01  -5.2153105e-01   8.1188203e-01   5.0014051e-01  -5.3246130e-01   7.7999684e-01   3.2887366e-01  -1.0332648e+00  -8.0475591e-01  -3.4594547e-01  -4.8244962e-01   1.0185829e+00
  -2.6262698e-01  -5.2196302e-01   8.1157237e-01   5.0030408e-01  -5.3264764e-01   7.7975894e-01   3.2913603e-01  -1.0331541e+00  -8.0460025e-01  -3.4583037e-01  -4.8279167e-01   1.0184998e+00
  -2.6294112e-01  -5.2231785e-01   8.1124227e-01   5.0042686e-01  -5.3274757e-01   7.7962679e-01   3.2928727e-01  -1.0330551e+00  -8.0443149e-01  -3.4559240e-01  -4.8324310e-01   1.0183707e+00
  -2.6320981e-01  -5.2270392e-01   8.1090639e-01   5.0055108e-01  -5.3287942e-01   7.7946026e-01   3.2946812e-01  -1.0329596e+00  -8.0425624e-01  -3.4538435e-01  -4.8368331e-01   1.0182514e+00
  -2.6348367e-01  -5.2350385e-01   8.1030124e-01   5.0084966e-01  -5.3320934e-01   7.7904103e-01   3.2992554e-01  -1.0327584e+00  -8.0394786e-01  -3.4511848e-01  -4.8438523e-01   1.0180740e+00
  -2.6384144e-01  -5.2384701e-01   8.0996295e-01   5.0093690e-01  -5.3329889e-01   7.7892539e-01   3.3005383e-01  -1.0326822e+00  -8.0377111e-01  -3.4485873e-01  -4.8486332e-01   1.0179294e+00
  -2.6414870e-01  -5.2421702e-01   8.0962336e-01   5.0104584e-01  -5.3341861e-01   7.7877693e-01   3.3021069e-01  -1.0325961e+00  -8.0359070e-01  -3.4463176e-01  -4.8532355e-01   1.0178012e+00
  -2.6426015e-01  -5.2462511e-01   8.0932259e-01   5.0119643e-01  -5.3357717e-01   7.7856192e-01   3.3046150e-01  -1.0324929e+00  -8.0344885e-01  -3.4449655e-01  -4.8565432e-01   1.0177148e+00
  -2.6433878e-01  -5.2504484e-01   8.0902468e-01   5.0135261e-01  -5.3374257e-01   7.7833325e-01   3.3073281e-01  -1.0323891e+00  -8.0331307e-01  -3.4437372e-01  -4.8596586e-01   1.0176309e+00
  -2.6460773e-01  -5.2543447e-01   8.0868375e-01   5.0147153e-01  -5.3386081e-01   7.7817035e-01   3.3092523e-01  -1.0322962e+00  -8.0314594e-01  -3.4414746e-01  -4.8640224e-01   1.0175045e+00
  -2.6482843e-01  -5.2580668e-01   8.0836951e-01   5.0159848e-01  -5.3397436e-01   7.7800807e-01   3.3112362e-01  -1.0322021e+00  -8.0299769e-01  -3.4394594e-01  -4.8678942e-01   1.0173915e+00
  -2.6487731e-01  -5.2666432e-01   8.0779497e-01   5.0194052e-01  -5.3428656e-01   7.7753118e-01   3.3173952e-01  -1.0319700e+00  -8.0277388e-01  -3.4371200e-01  -4.8732349e-01   1.0172449e+00
  -2.6506728e-01  -5.2703012e-01   8.0749404e-01   5.0207525e-01  -5.3438368e-01   7.7737272e-01   3.3195443e-01  -1.0318718e+00  -8.0264654e-01  -3.4350967e-01  -4.8767575e-01   1.0171311e+00
  -2.6526260e-01  -5.2741952e-01   8.0717558e-01   5.0220234e-01  -5.3450033e-01   7.7719705e-01   3.3217792e-01  -1.0317806e+00  -8.0250432e-01  -3.4330956e-01  -4.8805062e-01   1.0170166e+00
  -2.6531424e-01  -5.2782666e-01   8.0689241e-01   5.0235736e-01  -5.3464540e-01   7.7697638e-01   3.3246044e-01  -1.0316821e+00  -8.0239058e-01  -3.4318316e-01  -4.8832639e-01   1.0169331e+00
  -2.6537890e-01  -5.2825925e-01   8.0658802e-01   5.0250946e-01  -5.3478744e-01   7.7674870e-01   3.3276391e-01  -1.0315771e+00  -8.0227455e-01  -3.4303296e-01  -4.8862247e-01   1.0168401e+00
  -2.6556020e-01  -5.2863249e-01   8.0628376e-01   5.0263717e-01  -5.3487843e-01   7.7658775e-01   3.3299332e-01  -1.0314847e+00  -8.0215389e-01  -3.4282237e-01  -4.8896826e-01   1.0167231e+00
  -2.6576607e-01  -5.2903212e-01   8.0595373e-01   5.0276264e-01  -5.3497290e-01   7.7641858e-01   3.3323593e-01  -1.0313882e+00  -8.0202268e-01  -3.4258897e-01  -4.8934690e-01   1.0165968e+00
  -2.6580759e-01  -5.2947515e-01   8.0564905e-01   5.0292362e-01  -5.3511453e-01   7.7618216e-01   3.3355916e-01  -1.0312805e+00  -8.0191443e-01  -3.4244032e-01  -4.8962829e-01   1.0165052e+00
  -2.6579069e-01  -5.2990633e-01   8.0537110e-01   5.0309805e-01  -5.3524858e-01   7.7594326e-01   3.3389967e-01  -1.0311688e+00  -8.0183061e-01  -3.4231466e-01  -4.8985344e-01   1.0164256e+00
  -2.6621593e-01  -5.3070937e-01   8.0470162e-01   5.0332602e-01  -5.3543295e-01   7.7560660e-01   3.3438596e-01  -1.0309936e+00  -8.0156638e-01  -3.4183326e-01  -4.9062145e-01   1.0161611e+00
  -2.6636574e-01  -5.3111531e-01   8.0438410e-01   5.0344563e-01  -5.3554672e-01   7.7541587e-01   3.3464601e-01  -1.0309092e+00  -8.0144058e-01  -3.4163543e-01  -4.9096462e-01   1.0160460e+00
  -2.6646441e-01  -5.3153592e-01   8.0407353e-01   5.0357196e-01  -5.3567864e-01   7.7520208e-01   3.3493012e-01  -1.0308241e+00  -8.0131958e-01  -3.4146648e-01  -4.9127951e-01   1.0159428e+00
  -2.6668404e-01  -5.3191648e-01   8.0374904e-01   5.0367400e-01  -5.3575930e-01   7.7504811e-01   3.3515734e-01  -1.0307438e+00  -8.0119260e-01  -3.4122332e-01  -4.9165545e-01   1.0158088e+00
  -2.6698171e-01  -5.3230256e-01   8.0339454e-01   5.0376433e-01  -5.3582720e-01   7.7491096e-01   3.3536580e-01  -1.0306649e+00  -8.0104803e-01  -3.4093253e-01  -4.9209250e-01   1.0156533e+00
  -2.6708682e-01  -5.3269793e-01   8.0309745e-01   5.0389320e-01  -5.3593268e-01   7.7471963e-01   3.3563917e-01  -1.0305744e+00  -8.0094243e-01  -3.4074979e-01  -4.9239090e-01   1.0155487e+00
  -2.6704706e-01  -5.3316737e-01   8.0279915e-01   5.0406134e-01  -5.3608975e-01   7.7444937e-01   3.3601177e-01  -1.0304633e+00  -8.0085063e-01  -3.4062982e-01  -4.9262323e-01   1.0154720e+00
  -2.6718693e-01  -5.3357655e-01   8.0248069e-01   5.0419167e-01  -5.3618012e-01   7.7426453e-01   3.3629354e-01  -1.0303659e+00  -8.0074341e-01  -3.4040938e-01  -4.9294971e-01   1.0153522e+00
  -2.6738174e-01  -5.3396788e-01   8.0215545e-01   5.0431077e-01  -5.3626057e-01   7.7410093e-01   3.3654171e-01  -1.0302734e+00  -8.0062451e-01  -3.4016763e-01  -4.9330959e-01   1.0152238e+00
  -2.6735463e-01  -5.3482102e-01   8.0159589e-01   5.0463488e-01  -5.3652011e-01   7.7362748e-01   3.3721615e-01  -1.0300624e+00  -8.0045967e-01  -3.3990449e-01  -4.9375830e-01   1.0150615e+00
  -2.6748912e-01  -5.3523602e-01   8.0127398e-01   5.0476365e-01  -5.3662335e-01   7.7343297e-01   3.3749790e-01  -1.0299702e+00  -8.0034550e-01  -3.3969374e-01  -4.9408828e-01   1.0149400e+00
  -2.6767254e-01  -5.3561660e-01   8.0095833e-01   5.0488497e-01  -5.3671257e-01   7.7326751e-01   3.3773507e-01  -1.0298848e+00  -8.0022436e-01  -3.3947049e-01  -4.9443785e-01   1.0148154e+00
  -2.6778636e-01  -5.3605419e-01   8.0062749e-01   5.0501483e-01  -5.3684594e-01   7.7304666e-01   3.3802849e-01  -1.0297962e+00  -8.0009680e-01  -3.3928268e-01  -4.9477303e-01   1.0147044e+00
  -2.6782551e-01  -5.3650255e-01   8.0031397e-01   5.0516216e-01  -5.3696515e-01   7.7281372e-01   3.3837166e-01  -1.0296917e+00  -8.0000367e-01  -3.3910464e-01  -4.9504559e-01   1.0146010e+00
  -2.6793077e-01  -5.3692506e-01   7.9999538e-01   5.0530087e-01  -5.3706876e-01   7.7260994e-01   3.3867245e-01  -1.0295917e+00  -7.9989889e-01  -3.3890020e-01  -4.9535483e-01   1.0144864e+00
  -2.6811111e-01  -5.3732332e-01   7.9966753e-01   5.0542147e-01  -5.3714840e-01   7.7243987e-01   3.3893400e-01  -1.0295010e+00  -7.9978499e-01  -3.3865666e-01  -4.9570519e-01   1.0143530e+00
  -2.6823467e-01  -5.3775347e-01   7.9933685e-01   5.0554748e-01  -5.3724609e-01   7.7223823e-01   3.3923842e-01  -1.0294067e+00  -7.9967791e-01  -3.3843358e-01  -4.9603018e-01   1.0142263e+00
  -2.6819526e-01  -5.3819788e-01   7.9905093e-01   5.0571398e-01  -5.3737850e-01   7.7198639e-01   3.3960172e-01  -1.0292998e+00  -7.9960218e-01  -3.3830171e-01  -4.9624214e-01   1.0141412e+00
  -2.6861826e-01  -5.3900463e-01   7.9836471e-01   5.0592695e-01  -5.3755554e-01   7.7164440e-01   3.4009851e-01  -1.0291344e+00  -7.9934117e-01  -3.3779725e-01  -4.9700574e-01   1.0138648e+00
  -2.6886386e-01  -5.3942713e-01   7.9799664e-01   5.0601926e-01  -5.3766338e-01   7.7146295e-01   3.4033954e-01  -1.0290594e+00  -7.9918603e-01  -3.3753709e-01  -4.9743176e-01   1.0137193e+00
  -2.6891221e-01  -5.3986877e-01   7.9768161e-01   5.0616262e-01  -5.3781070e-01   7.7122097e-01   3.4065505e-01  -1.0289637e+00  -7.9907065e-01  -3.3738394e-01  -4.9772097e-01   1.0136229e+00
  -2.6908657e-01  -5.4028465e-01   7.9734114e-01   5.0627321e-01  -5.3790793e-01   7.7103366e-01   3.4092542e-01  -1.0288779e+00  -7.9894653e-01  -3.3714621e-01  -4.9808125e-01   1.0134892e+00
  -2.6935980e-01  -5.4066378e-01   7.9699184e-01   5.0636180e-01  -5.3796553e-01   7.7089649e-01   3.4114467e-01  -1.0288011e+00  -7.9881561e-01  -3.3685201e-01  -4.9849008e-01   1.0133313e+00
  -2.6950581e-01  -5.4108540e-01   7.9665626e-01   5.0647360e-01  -5.3806343e-01   7.7070098e-01   3.4143187e-01  -1.0287112e+00  -7.9870043e-01  -3.3662225e-01  -4.9882971e-01   1.0132054e+00
  -2.6950196e-01  -5.4152715e-01   7.9635739e-01   5.0662558e-01  -5.3820556e-01   7.7045096e-01   3.4177199e-01  -1.0286097e+00  -7.9860594e-01  -3.3648431e-01  -4.9907397e-01   1.0131197e+00
  -2.6983282e-01  -5.4235991e-01   7.9567833e-01   5.0686263e-01  -5.3838339e-01   7.7007808e-01   3.4233178e-01  -1.0284192e+00  -7.9837432e-01  -3.3599621e-01  -4.9977290e-01   1.0128528e+00
  -2.6992421e-01  -5.4277575e-01   7.9536372e-01   5.0700131e-01  -5.3851308e-01   7.6986105e-01   3.4261586e-01  -1.0283278e+00  -7.9825596e-01  -3.3582206e-01  -5.0007893e-01   1.0127479e+00
  -2.6990856e-01  -5.4322594e-01   7.9506158e-01   5.0716047e-01  -5.3866264e-01   7.6960127e-01   3.4296419e-01  -1.0282267e+00  -7.9816034e-01  -3.3568958e-01  -5.0032049e-01   1.0126614e+00
