  -3.7680430e-01  -6.3769738e-01   6.7188431e-01   5.1232604e-01  -5.6418999e-01   7.3327593e-01   3.7955776e-01  -1.0448326e+00  -7.3469457e-01  -2.3604341e-01  -6.3606237e-01   1.1045311e+00
  -3.7674920e-01  -6.3779123e-01   6.7182617e-01   5.1232662e-01  -5.6408656e-01   7.3324610e-01   3.7976904e-01  -1.0448093e+00  -7.3480233e-01  -2.3588241e-01  -6.3599767e-01   1.1044887e+00
  -3.7671018e-01  -6.3783644e-01   6.7180512e-01   5.1232674e-01  -5.6402692e-01   7.3323257e-01   3.7988366e-01  -1.0447971e+00  -7.3486803e-01  -2.3580214e-01  -6.3595150e-01   1.1044671e+00
  -3.7669105e-01  -6.3787876e-01   6.7177566e-01   5.1232108e-01  -5.6396013e-01   7.3322664e-01   3.7999435e-01  -1.0447874e+00  -7.3492915e-01  -2.3570621e-01  -6.3591645e-01   1.1044401e+00
  -3.7665030e-01  -6.3792788e-01   6.7175189e-01   5.1232510e-01  -5.6391403e-01   7.3320623e-01   3.8010211e-01  -1.0447734e+00  -7.3498539e-01  -2.3563672e-01  -6.3587723e-01   1.1044241e+00
  -3.7662637e-01  -6.3796365e-01   6.7173132e-01   5.1232484e-01  -5.6385805e-01   7.3319956e-01   3.8019796e-01  -1.0447636e+00  -7.3504059e-01  -2.3556052e-01  -6.3584165e-01   1.1044032e+00
  -3.7660867e-01  -6.3800793e-01   6.7169918e-01   5.1231937e-01  -5.6379783e-01   7.3319058e-01   3.8030458e-01  -1.0447533e+00  -7.3509589e-01  -2.3546852e-01  -6.3581180e-01   1.1043759e+00
  -3.7659850e-01  -6.3805156e-01   6.7166343e-01   5.1231644e-01  -5.6374845e-01   7.3317987e-01   3.8039845e-01  -1.0447444e+00  -7.3513896e-01  -2.3538374e-01  -6.3579336e-01   1.1043531e+00
  -3.7656677e-01  -6.3809669e-01   6.7163836e-01   5.1231617e-01  -5.6369252e-01   7.3316646e-01   3.8050715e-01  -1.0447306e+00  -7.3519808e-01  -2.3530315e-01  -6.3575487e-01   1.1043317e+00
  -3.7655552e-01  -6.3813496e-01   6.7160832e-01   5.1231176e-01  -5.6363754e-01   7.3316034e-01   3.8060042e-01  -1.0447235e+00  -7.3524603e-01  -2.3521847e-01  -6.3573075e-01   1.1043068e+00
  -3.7654558e-01  -6.3817284e-01   6.7157788e-01   5.1230637e-01  -5.6357855e-01   7.3315593e-01   3.8069622e-01  -1.0447132e+00  -7.3529627e-01  -2.3512940e-01  -6.3570555e-01   1.1042811e+00
  -3.7654728e-01  -6.3820893e-01   6.7154261e-01   5.1229672e-01  -5.6351632e-01   7.3315563e-01   3.8078884e-01  -1.0447076e+00  -7.3534308e-01  -2.3503225e-01  -6.3568728e-01   1.1042500e+00
  -3.7653544e-01  -6.3824833e-01   6.7151181e-01   5.1229610e-01  -5.6346829e-01   7.3314652e-01   3.8087749e-01  -1.0446955e+00  -7.3538598e-01  -2.3495372e-01  -6.3566676e-01   1.1042287e+00
  -3.7652135e-01  -6.3828628e-01   6.7148367e-01   5.1229238e-01  -5.6341158e-01   7.3314056e-01   3.8097285e-01  -1.0446858e+00  -7.3543668e-01  -2.3486926e-01  -6.3563931e-01   1.1042034e+00
  -3.7648912e-01  -6.3836183e-01   6.7142991e-01   5.1228680e-01  -5.6330438e-01   7.3312608e-01   3.8115924e-01  -1.0446664e+00  -7.3553530e-01  -2.3470913e-01  -6.3558437e-01   1.1041571e+00
  -3.7647991e-01  -6.3839687e-01   6.7140174e-01   5.1228495e-01  -5.6325028e-01   7.3312174e-01   3.8124745e-01  -1.0446555e+00  -7.3558140e-01  -2.3462722e-01  -6.3556122e-01   1.1041336e+00
  -3.7648532e-01  -6.3843145e-01   6.7136584e-01   5.1227604e-01  -5.6318880e-01   7.3312266e-01   3.8133645e-01  -1.0446486e+00  -7.3562569e-01  -2.3453017e-01  -6.3554578e-01   1.1041011e+00
  -3.7648105e-01  -6.3846366e-01   6.7133759e-01   5.1227115e-01  -5.6313273e-01   7.3312147e-01   3.8142157e-01  -1.0446401e+00  -7.3567079e-01  -2.3444623e-01  -6.3552455e-01   1.1040769e+00
  -3.7646080e-01  -6.3850802e-01   6.7130675e-01   5.1226970e-01  -5.6308524e-01   7.3310776e-01   3.8151810e-01  -1.0446280e+00  -7.3571757e-01  -2.3436835e-01  -6.3549916e-01   1.1040543e+00
  -3.7647461e-01  -6.3853329e-01   6.7127498e-01   5.1225966e-01  -5.6302317e-01   7.3311567e-01   3.8159452e-01  -1.0446223e+00  -7.3575800e-01  -2.3427477e-01  -6.3548686e-01   1.1040221e+00
  -3.7648217e-01  -6.3856507e-01   6.7124051e-01   5.1225187e-01  -5.6296722e-01   7.3311675e-01   3.8167487e-01  -1.0446130e+00  -7.3579689e-01  -2.3418463e-01  -6.3547503e-01   1.1039937e+00
  -3.7648127e-01  -6.3859793e-01   6.7120972e-01   5.1224906e-01  -5.6292237e-01   7.3311222e-01   3.8174982e-01  -1.0446044e+00  -7.3583169e-01  -2.3410935e-01  -6.3546246e-01   1.1039704e+00
  -3.7648062e-01  -6.3863722e-01   6.7117272e-01   5.1224329e-01  -5.6287099e-01   7.3310607e-01   3.8183732e-01  -1.0445946e+00  -7.3587130e-01  -2.3402135e-01  -6.3544898e-01   1.1039424e+00
  -3.7648810e-01  -6.3866015e-01   6.7114674e-01   5.1223747e-01  -5.6281348e-01   7.3311264e-01   3.8190946e-01  -1.0445872e+00  -7.3591148e-01  -2.3393811e-01  -6.3543309e-01   1.1039155e+00
  -3.7649374e-01  -6.3868944e-01   6.7111566e-01   5.1223059e-01  -5.6276414e-01   7.3311269e-01   3.8198209e-01  -1.0445813e+00  -7.3594631e-01  -2.3385799e-01  -6.3542229e-01   1.1038876e+00
  -3.7649020e-01  -6.3871704e-01   6.7109141e-01   5.1222745e-01  -5.6271679e-01   7.3311139e-01   3.8205436e-01  -1.0445724e+00  -7.3598434e-01  -2.3378676e-01  -6.3540444e-01   1.1038638e+00
  -3.7652036e-01  -6.3877652e-01   6.7101785e-01   5.1221184e-01  -5.6261876e-01   7.3311412e-01   3.8219350e-01  -1.0445583e+00  -7.3604384e-01  -2.3361566e-01  -6.3539845e-01   1.1038046e+00
  -3.7653516e-01  -6.3879694e-01   6.7099010e-01   5.1220526e-01  -5.6256239e-01   7.3312303e-01   3.8225932e-01  -1.0445504e+00  -7.3607936e-01  -2.3353179e-01  -6.3538813e-01   1.1037758e+00
  -3.7655413e-01  -6.3881429e-01   6.7096297e-01   5.1219756e-01  -5.6250827e-01   7.3313371e-01   3.8231844e-01  -1.0445436e+00  -7.3611104e-01  -2.3345070e-01  -6.3538123e-01   1.1037474e+00
  -3.7656618e-01  -6.3884919e-01   6.7092296e-01   5.1219236e-01  -5.6247171e-01   7.3312761e-01   3.8238395e-01  -1.0445348e+00  -7.3613279e-01  -2.3337439e-01  -6.3538407e-01   1.1037192e+00
  -3.7659032e-01  -6.3886284e-01   6.7089642e-01   5.1218248e-01  -5.6241583e-01   7.3314193e-01   3.8243873e-01  -1.0445290e+00  -7.3616312e-01  -2.3329212e-01  -6.3537914e-01   1.1036887e+00
  -3.7659206e-01  -6.3888821e-01   6.7087130e-01   5.1217912e-01  -5.6236900e-01   7.3314258e-01   3.8250626e-01  -1.0445212e+00  -7.3619804e-01  -2.3322044e-01  -6.3536497e-01   1.1036639e+00
  -3.7661584e-01  -6.3890471e-01   6.7084222e-01   5.1217082e-01  -5.6231011e-01   7.3315613e-01   3.8256688e-01  -1.0445137e+00  -7.3623084e-01  -2.3313269e-01  -6.3535922e-01   1.1036330e+00
  -3.7664126e-01  -6.3892575e-01   6.7080790e-01   5.1216164e-01  -5.6226351e-01   7.3316348e-01   3.8262129e-01  -1.0445074e+00  -7.3625343e-01  -2.3305189e-01  -6.3536269e-01   1.1036028e+00
  -3.7665150e-01  -6.3895051e-01   6.7077859e-01   5.1215625e-01  -5.6222180e-01   7.3316444e-01   3.8268080e-01  -1.0445000e+00  -7.3628004e-01  -2.3298113e-01  -6.3535779e-01   1.1035765e+00
  -3.7668396e-01  -6.3896867e-01   6.7074306e-01   5.1214763e-01  -5.6217631e-01   7.3317428e-01   3.8272870e-01  -1.0444930e+00  -7.3629819e-01  -2.3290016e-01  -6.3536644e-01   1.1035477e+00
  -3.7673605e-01  -6.3900193e-01   6.7068213e-01   5.1212753e-01  -5.6206669e-01   7.3319940e-01   3.8284164e-01  -1.0444812e+00  -7.3635523e-01  -2.3272992e-01  -6.3536275e-01   1.1034840e+00
  -3.7676271e-01  -6.3902232e-01   6.7064771e-01   5.1211952e-01  -5.6202241e-01   7.3320651e-01   3.8289294e-01  -1.0444751e+00  -7.3637536e-01  -2.3265135e-01  -6.3536815e-01   1.1034557e+00
  -3.7679395e-01  -6.3903661e-01   6.7061651e-01   5.1210782e-01  -5.6196255e-01   7.3322290e-01   3.8294945e-01  -1.0444684e+00  -7.3640509e-01  -2.3256042e-01  -6.3536699e-01   1.1034206e+00
  -3.7682758e-01  -6.3905539e-01   6.7057974e-01   5.1209738e-01  -5.6192147e-01   7.3323124e-01   3.8299376e-01  -1.0444647e+00  -7.3641919e-01  -2.3248264e-01  -6.3537910e-01   1.1033909e+00
  -3.7685664e-01  -6.3907851e-01   6.7054135e-01   5.1208976e-01  -5.6187493e-01   7.3323794e-01   3.8304916e-01  -1.0444553e+00  -7.3643983e-01  -2.3239784e-01  -6.3538620e-01   1.1033610e+00
  -3.7690736e-01  -6.3908881e-01   6.7050301e-01   5.1207371e-01  -5.6181442e-01   7.3326028e-01   3.8309515e-01  -1.0444526e+00  -7.3646006e-01  -2.3229896e-01  -6.3539892e-01   1.1033246e+00
  -3.7693452e-01  -6.3911107e-01   6.7046655e-01   5.1206697e-01  -5.6177339e-01   7.3326540e-01   3.8314553e-01  -1.0444456e+00  -7.3647743e-01  -2.3222163e-01  -6.3540705e-01   1.1032968e+00
  -3.7696806e-01  -6.3912923e-01   6.7043039e-01   5.1205549e-01  -5.6172578e-01   7.3327608e-01   3.8319488e-01  -1.0444417e+00  -7.3649661e-01  -2.3213789e-01  -6.3541543e-01   1.1032648e+00
  -3.7701480e-01  -6.3914011e-01   6.7039373e-01   5.1204180e-01  -5.6167261e-01   7.3329502e-01   3.8323658e-01  -1.0444393e+00  -7.3651323e-01  -2.3204802e-01  -6.3542898e-01   1.1032295e+00
  -3.7703634e-01  -6.3915399e-01   6.7036837e-01   5.1203238e-01  -5.6162015e-01   7.3330750e-01   3.8328955e-01  -1.0444337e+00  -7.3654218e-01  -2.3197039e-01  -6.3542377e-01   1.1031985e+00
  -3.7707335e-01  -6.3916524e-01   6.7033686e-01   5.1202173e-01  -5.6156216e-01   7.3332600e-01   3.8333917e-01  -1.0444278e+00  -7.3656750e-01  -2.3188092e-01  -6.3542707e-01   1.1031662e+00
  -3.7714924e-01  -6.3919461e-01   6.7026615e-01   5.1199836e-01  -5.6146183e-01   7.3335442e-01   3.8343172e-01  -1.0444194e+00  -7.3660510e-01  -2.3170998e-01  -6.3544585e-01   1.1031009e+00
  -3.7718528e-01  -6.3921976e-01   6.7022189e-01   5.1199018e-01  -5.6142065e-01   7.3335949e-01   3.8348237e-01  -1.0444103e+00  -7.3661805e-01  -2.3162462e-01  -6.3546198e-01   1.1030699e+00
  -3.7723000e-01  -6.3922679e-01   6.7019001e-01   5.1197530e-01  -5.6135967e-01   7.3338270e-01   3.8352730e-01  -1.0444078e+00  -7.3664160e-01  -2.3153176e-01  -6.3546852e-01   1.1030333e+00
  -3.7727298e-01  -6.3924942e-01   6.7014420e-01   5.1196444e-01  -5.6131823e-01   7.3339046e-01   3.8357298e-01  -1.0443999e+00  -7.3665113e-01  -2.3144454e-01  -6.3548919e-01   1.1030026e+00
  -3.7730462e-01  -6.3925827e-01   6.7011797e-01   5.1195316e-01  -5.6125393e-01   7.3341132e-01   3.8362725e-01  -1.0443951e+00  -7.3668392e-01  -2.3135417e-01  -6.3548408e-01   1.1029678e+00
  -3.7735106e-01  -6.3927374e-01   6.7007709e-01   5.1193888e-01  -5.6119943e-01   7.3342791e-01   3.8367530e-01  -1.0443898e+00  -7.3670172e-01  -2.3125876e-01  -6.3549826e-01   1.1029326e+00
  -3.7740633e-01  -6.3928694e-01   6.7003333e-01   5.1192331e-01  -5.6114262e-01   7.3344810e-01   3.8371978e-01  -1.0443851e+00  -7.3671667e-01  -2.3115812e-01  -6.3551749e-01   1.1028943e+00
  -3.7743490e-01  -6.3930695e-01   6.6999815e-01   5.1191492e-01  -5.6109973e-01   7.3345526e-01   3.8376878e-01  -1.0443782e+00  -7.3673465e-01  -2.3108020e-01  -6.3552497e-01   1.1028643e+00
  -3.7747615e-01  -6.3932491e-01   6.6995778e-01   5.1190315e-01  -5.6105312e-01   7.3346696e-01   3.8381453e-01  -1.0443724e+00  -7.3674903e-01  -2.3099323e-01  -6.3553995e-01   1.1028309e+00
  -3.7752034e-01  -6.3933590e-01   6.6992241e-01   5.1188934e-01  -5.6099138e-01   7.3348799e-01   3.8386469e-01  -1.0443664e+00  -7.3677344e-01  -2.3089612e-01  -6.3554695e-01   1.1027951e+00
  -3.7760507e-01  -6.3936697e-01   6.6984495e-01   5.1186284e-01  -5.6088527e-01   7.3351862e-01   3.8396117e-01  -1.0443577e+00  -7.3681077e-01  -2.3071264e-01  -6.3557026e-01   1.1027256e+00
  -3.7765232e-01  -6.3937972e-01   6.6980618e-01   5.1184978e-01  -5.6082891e-01   7.3353745e-01   3.8400748e-01  -1.0443504e+00  -7.3682943e-01  -2.3061752e-01  -6.3558313e-01   1.1026897e+00
  -3.7769409e-01  -6.3939817e-01   6.6976501e-01   5.1183808e-01  -5.6078383e-01   7.3354846e-01   3.8405229e-01  -1.0443457e+00  -7.3684234e-01  -2.3053127e-01  -6.3559950e-01   1.1026558e+00
  -3.7773096e-01  -6.3940725e-01   6.6973554e-01   5.1182743e-01  -5.6072940e-01   7.3356687e-01   3.8409658e-01  -1.0443398e+00  -7.3686488e-01  -2.3044742e-01  -6.3560376e-01   1.1026239e+00
  -3.7777446e-01  -6.3942421e-01   6.6969482e-01   5.1181541e-01  -5.6067743e-01   7.3358119e-01   3.8414509e-01  -1.0443340e+00  -7.3688213e-01  -2.3035472e-01  -6.3561738e-01   1.1025890e+00
  -3.7782205e-01  -6.3943376e-01   6.6965885e-01   5.1180095e-01  -5.6061483e-01   7.3360383e-01   3.8419326e-01  -1.0443284e+00  -7.3690536e-01  -2.3025619e-01  -6.3562615e-01   1.1025521e+00
  -3.7786531e-01  -6.3945353e-01   6.6961556e-01   5.1178853e-01  -5.6056605e-01   7.3361546e-01   3.8424220e-01  -1.0443228e+00  -7.3692028e-01  -2.3016412e-01  -6.3564219e-01   1.1025166e+00
  -3.7791520e-01  -6.3946232e-01   6.6957898e-01   5.1177350e-01  -5.6051090e-01   7.3363656e-01   3.8428236e-01  -1.0443199e+00  -7.3693666e-01  -2.3007237e-01  -6.3565639e-01   1.1024805e+00
  -3.7796557e-01  -6.3947947e-01   6.6953416e-01   5.1176007e-01  -5.6045410e-01   7.3365351e-01   3.8433289e-01  -1.0443113e+00  -7.3695403e-01  -2.2997076e-01  -6.3567306e-01   1.1024435e+00
  -3.7801590e-01  -6.3949079e-01   6.6949497e-01   5.1174702e-01  -5.6040054e-01   7.3367269e-01   3.8437430e-01  -1.0443063e+00  -7.3696894e-01  -2.2987794e-01  -6.3568931e-01   1.1024101e+00
  -3.7811653e-01  -6.3952547e-01   6.6940504e-01   5.1171721e-01  -5.6028924e-01   7.3370553e-01   3.8447388e-01  -1.0442934e+00  -7.3700194e-01  -2.2967670e-01  -6.3572378e-01   1.1023349e+00
  -3.7815489e-01  -6.3954340e-01   6.6936622e-01   5.1170567e-01  -5.6023364e-01   7.3371944e-01   3.8452838e-01  -1.0442846e+00  -7.3702451e-01  -2.2958240e-01  -6.3573173e-01   1.1023006e+00
  -3.7820089e-01  -6.3956309e-01   6.6932145e-01   5.1169377e-01  -5.6018293e-01   7.3373215e-01   3.8457802e-01  -1.0442768e+00  -7.3703945e-01  -2.2948691e-01  -6.3574888e-01   1.1022658e+00
  -3.7826820e-01  -6.3957298e-01   6.6927389e-01   5.1167427e-01  -5.6012204e-01   7.3375745e-01   3.8461845e-01  -1.0442741e+00  -7.3705121e-01  -2.2937832e-01  -6.3577443e-01   1.1022248e+00
  -3.7830954e-01  -6.3958798e-01   6.6923621e-01   5.1165958e-01  -5.6005742e-01   7.3377631e-01   3.8467650e-01  -1.0442672e+00  -7.3707910e-01  -2.2927610e-01  -6.3577897e-01   1.1021877e+00
  -3.7835900e-01  -6.3960374e-01   6.6919320e-01   5.1164754e-01  -5.6001081e-01   7.3379057e-01   3.8471711e-01  -1.0442617e+00  -7.3708910e-01  -2.2918643e-01  -6.3579970e-01   1.1021545e+00
  -3.7840852e-01  -6.3961966e-01   6.6914997e-01   5.1163344e-01  -5.5995496e-01   7.3380767e-01   3.8476587e-01  -1.0442545e+00  -7.3710610e-01  -2.2908737e-01  -6.3581568e-01   1.1021165e+00
  -3.7847982e-01  -6.3962669e-01   6.6910291e-01   5.1161187e-01  -5.5988896e-01   7.3383685e-01   3.8480620e-01  -1.0442535e+00  -7.3711967e-01  -2.2897417e-01  -6.3584071e-01   1.1020730e+00
  -3.7853426e-01  -6.3964522e-01   6.6905440e-01   5.1159727e-01  -5.5983680e-01   7.3385211e-01   3.8485301e-01  -1.0442467e+00  -7.3713133e-01  -2.2887342e-01  -6.3586350e-01   1.1020375e+00
  -3.7858094e-01  -6.3965892e-01   6.6901490e-01   5.1158259e-01  -5.5977075e-01   7.3387307e-01   3.8490906e-01  -1.0442403e+00  -7.3715747e-01  -2.2876795e-01  -6.3587111e-01   1.1019999e+00
  -3.7870380e-01  -6.3969519e-01   6.6891068e-01   5.1154872e-01  -5.5966349e-01   7.3390740e-01   3.8499961e-01  -1.0442313e+00  -7.3717586e-01  -2.2855626e-01  -6.3592595e-01   1.1019223e+00
  -3.7876147e-01  -6.3971344e-01   6.6886060e-01   5.1153276e-01  -5.5961302e-01   7.3392286e-01   3.8504354e-01  -1.0442275e+00  -7.3718457e-01  -2.2845565e-01  -6.3595202e-01   1.1018850e+00
  -3.7883158e-01  -6.3972805e-01   6.6880687e-01   5.1151401e-01  -5.5955190e-01   7.3394586e-01   3.8508846e-01  -1.0442233e+00  -7.3719488e-01  -2.2834072e-01  -6.3598129e-01   1.1018424e+00
  -3.7888671e-01  -6.3974005e-01   6.6876416e-01   5.1149761e-01  -5.5949073e-01   7.3396775e-01   3.8513570e-01  -1.0442187e+00  -7.3721297e-01  -2.2823681e-01  -6.3599765e-01   1.1018040e+00
  -3.7894647e-01  -6.3974801e-01   6.6872271e-01   5.1147860e-01  -5.5941993e-01   7.3399571e-01   3.8518521e-01  -1.0442152e+00  -7.3723603e-01  -2.2812450e-01  -6.3601121e-01   1.1017621e+00
  -3.7899065e-01  -6.3977138e-01   6.6867534e-01   5.1146620e-01  -5.5937133e-01   7.3400516e-01   3.8523774e-01  -1.0442074e+00  -7.3725018e-01  -2.2802854e-01  -6.3602920e-01   1.1017273e+00
  -3.7906701e-01  -6.3978797e-01   6.6861617e-01   5.1144517e-01  -5.5931376e-01   7.3402698e-01   3.8527973e-01  -1.0442044e+00  -7.3725460e-01  -2.2791164e-01  -6.3606599e-01   1.1016835e+00
  -3.7912472e-01  -6.3981009e-01   6.6856223e-01   5.1143046e-01  -5.5926095e-01   7.3404086e-01   3.8533002e-01  -1.0441964e+00  -7.3726495e-01  -2.2780490e-01  -6.3609222e-01   1.1016459e+00
  -3.7917165e-01  -6.3982895e-01   6.6851762e-01   5.1141584e-01  -5.5919960e-01   7.3405730e-01   3.8538773e-01  -1.0441890e+00  -7.3728737e-01  -2.2769898e-01  -6.3610418e-01   1.1016079e+00
  -3.7924806e-01  -6.3983990e-01   6.6846376e-01   5.1139491e-01  -5.5913092e-01   7.3408579e-01   3.8543310e-01  -1.0441842e+00  -7.3730015e-01  -2.2757628e-01  -6.3613323e-01   1.1015632e+00
  -3.7930975e-01  -6.3985428e-01   6.6841501e-01   5.1137806e-01  -5.5907627e-01   7.3410534e-01   3.8547509e-01  -1.0441805e+00  -7.3730985e-01  -2.2747276e-01  -6.3615902e-01   1.1015247e+00
  -3.7943364e-01  -6.3988790e-01   6.6831249e-01   5.1134435e-01  -5.5896120e-01   7.3414347e-01   3.8556936e-01  -1.0441700e+00  -7.3733334e-01  -2.2725502e-01  -6.3620962e-01   1.1014444e+00
  -3.7949608e-01  -6.3990808e-01   6.6825768e-01   5.1132846e-01  -5.5890373e-01   7.3416065e-01   3.8562003e-01  -1.0441613e+00  -7.3734478e-01  -2.2714273e-01  -6.3623646e-01   1.1014048e+00
  -3.7957055e-01  -6.3991950e-01   6.6820447e-01   5.1130927e-01  -5.5884257e-01   7.3418613e-01   3.8566010e-01  -1.0441589e+00  -7.3735282e-01  -2.2702814e-01  -6.3626808e-01   1.1013627e+00
  -3.7962532e-01  -6.3994375e-01   6.6815013e-01   5.1129388e-01  -5.5878890e-01   7.3419836e-01   3.8571458e-01  -1.0441494e+00  -7.3736530e-01  -2.2692013e-01  -6.3629214e-01   1.1013235e+00
  -3.7969275e-01  -6.3995612e-01   6.6809997e-01   5.1127608e-01  -5.5873005e-01   7.3422128e-01   3.8575613e-01  -1.0441449e+00  -7.3737513e-01  -2.2681104e-01  -6.3631960e-01   1.1012825e+00
  -3.7976669e-01  -6.3996524e-01   6.6804921e-01   5.1125499e-01  -5.5866161e-01   7.3425023e-01   3.8580026e-01  -1.0441398e+00  -7.3738894e-01  -2.2669170e-01  -6.3634614e-01   1.1012369e+00
  -3.7984681e-01  -6.3997888e-01   6.6799058e-01   5.1123586e-01  -5.5860474e-01   7.3427404e-01   3.8583723e-01  -1.0441349e+00  -7.3739074e-01  -2.2657599e-01  -6.3638524e-01   1.1011945e+00
  -3.7989987e-01  -6.4000454e-01   6.6793585e-01   5.1122108e-01  -5.5855118e-01   7.3428511e-01   3.8589377e-01  -1.0441266e+00  -7.3740403e-01  -2.2646767e-01  -6.3640845e-01   1.1011559e+00
  -3.7996561e-01  -6.4000744e-01   6.6789567e-01   5.1120313e-01  -5.5847715e-01   7.3431782e-01   3.8593863e-01  -1.0441225e+00  -7.3742623e-01  -2.2635335e-01  -6.3642343e-01   1.1011129e+00
  -3.8004387e-01  -6.4002912e-01   6.6783032e-01   5.1118304e-01  -5.5842153e-01   7.3433625e-01   3.8598409e-01  -1.0441160e+00  -7.3742802e-01  -2.2623224e-01  -6.3646437e-01   1.1010691e+00
  -3.8016882e-01  -6.4006541e-01   6.6772445e-01   5.1115107e-01  -5.5830830e-01   7.3437214e-01   3.8607956e-01  -1.0441010e+00  -7.3744928e-01  -2.2601303e-01  -6.3651755e-01   1.1009886e+00
  -3.8024159e-01  -6.4008592e-01   6.6766334e-01   5.1113464e-01  -5.5825528e-01   7.3438937e-01   3.8612343e-01  -1.0440943e+00  -7.3745199e-01  -2.2589871e-01  -6.3655507e-01   1.1009489e+00
  -3.8032686e-01  -6.4009846e-01   6.6760275e-01   5.1111090e-01  -5.5818857e-01   7.3441769e-01   3.8616606e-01  -1.0440917e+00  -7.3745851e-01  -2.2577123e-01  -6.3659272e-01   1.1009002e+00
  -3.8038169e-01  -6.4012215e-01   6.6754881e-01   5.1109763e-01  -5.5812817e-01   7.3443217e-01   3.8622574e-01  -1.0440803e+00  -7.3747589e-01  -2.2565692e-01  -6.3661313e-01   1.1008603e+00
  -3.8045007e-01  -6.4014244e-01   6.6749036e-01   5.1108004e-01  -5.5806853e-01   7.3445079e-01   3.8627656e-01  -1.0440738e+00  -7.3748577e-01  -2.2553875e-01  -6.3664354e-01   1.1008176e+00
  -3.8052156e-01  -6.4015982e-01   6.6743295e-01   5.1106216e-01  -5.5801330e-01   7.3447022e-01   3.8631936e-01  -1.0440688e+00  -7.3749069e-01  -2.2542598e-01  -6.3667779e-01   1.1007757e+00
  -3.8059206e-01  -6.4018050e-01   6.6737291e-01   5.1104413e-01  -5.5795371e-01   7.3448897e-01   3.8636981e-01  -1.0440621e+00  -7.3749938e-01  -2.2530625e-01  -6.3671010e-01   1.1007333e+00
  -3.8065685e-01  -6.4020590e-01   6.6731162e-01   5.1102742e-01  -5.5789367e-01   7.3450404e-01   3.8642781e-01  -1.0440543e+00  -7.3751134e-01  -2.2518487e-01  -6.3673916e-01   1.1006906e+00
  -3.8074270e-01  -6.4022726e-01   6.6724211e-01   5.1100545e-01  -5.5783105e-01   7.3452598e-01   3.8647654e-01  -1.0440501e+00  -7.3751438e-01  -2.2505260e-01  -6.3678240e-01   1.1006437e+00
  -3.8089702e-01  -6.4026252e-01   6.6712021e-01   5.1096618e-01  -5.5770532e-01   7.3457114e-01   3.8657216e-01  -1.0440407e+00  -7.3752984e-01  -2.2480468e-01  -6.3685210e-01   1.1005558e+00
  -3.8096644e-01  -6.4029522e-01   6.6704918e-01   5.1094681e-01  -5.5764402e-01   7.3458312e-01   3.8663777e-01  -1.0440331e+00  -7.3754029e-01  -2.2467235e-01  -6.3688670e-01   1.1005093e+00
  -3.8103873e-01  -6.4032139e-01   6.6698276e-01   5.1092870e-01  -5.5758743e-01   7.3459797e-01   3.8669122e-01  -1.0440265e+00  -7.3754578e-01  -2.2454928e-01  -6.3692374e-01   1.1004674e+00
  -3.8110980e-01  -6.4035224e-01   6.6691256e-01   5.1091061e-01  -5.5752768e-01   7.3461081e-01   3.8675299e-01  -1.0440188e+00  -7.3755423e-01  -2.2441923e-01  -6.3695980e-01   1.1004229e+00
  -3.8118540e-01  -6.4037443e-01   6.6684803e-01   5.1089145e-01  -5.5746083e-01   7.3463159e-01   3.8680981e-01  -1.0440107e+00  -7.3756570e-01  -2.2428776e-01  -6.3699283e-01   1.1003779e+00
  -3.8124615e-01  -6.4040373e-01   6.6678516e-01   5.1087353e-01  -5.5740139e-01   7.3464338e-01   3.8687307e-01  -1.0440048e+00  -7.3757920e-01  -2.2416548e-01  -6.3702021e-01   1.1003349e+00
  -3.8131394e-01  -6.4043192e-01   6.6671929e-01   5.1085708e-01  -5.5734072e-01   7.3465744e-01   3.8693386e-01  -1.0439961e+00  -7.3758997e-01  -2.2403891e-01  -6.3705226e-01   1.1002913e+00
  -3.8139781e-01  -6.4045926e-01   6.6664508e-01   5.1083576e-01  -5.5727647e-01   7.3467581e-01   3.8699138e-01  -1.0439906e+00  -7.3759517e-01  -2.2390031e-01  -6.3709497e-01   1.1002433e+00
  -3.8146943e-01  -6.4048621e-01   6.6657820e-01   5.1081865e-01  -5.5721858e-01   7.3469040e-01   3.8704717e-01  -1.0439838e+00  -7.3760190e-01  -2.2377551e-01  -6.3713104e-01   1.1002026e+00
  -3.8155321e-01  -6.4051341e-01   6.6650411e-01   5.1079397e-01  -5.5714985e-01   7.3471016e-01   3.8710851e-01  -1.0439782e+00  -7.3761049e-01  -2.2363257e-01  -6.3717129e-01   1.1001526e+00
  -3.8169677e-01  -6.4057423e-01   6.6636344e-01   5.1076097e-01  -5.5703708e-01   7.3473430e-01   3.8722503e-01  -1.0439612e+00  -7.3762138e-01  -2.2337904e-01  -6.3724760e-01   1.1000666e+00
  -3.8175078e-01  -6.4060830e-01   6.6629972e-01   5.1074910e-01  -5.5699100e-01   7.3473793e-01   3.8728437e-01  -1.0439543e+00  -7.3762819e-01  -2.2326925e-01  -6.3727818e-01   1.1000306e+00
  -3.8184038e-01  -6.4063261e-01   6.6622503e-01   5.1072437e-01  -5.5691482e-01   7.3476265e-01   3.8734709e-01  -1.0439491e+00  -7.3763933e-01  -2.2311825e-01  -6.3731817e-01   1.0999779e+00
  -3.8190612e-01  -6.4065666e-01   6.6616423e-01   5.1070803e-01  -5.5685665e-01   7.3477778e-01   3.8740197e-01  -1.0439434e+00  -7.3764928e-01  -2.2299919e-01  -6.3734837e-01   1.0999383e+00
  -3.8198398e-01  -6.4069289e-01   6.6608474e-01   5.1068849e-01  -5.5679783e-01   7.3478818e-01   3.8746680e-01  -1.0439341e+00  -7.3765332e-01  -2.2286088e-01  -6.3739206e-01   1.0998913e+00
  -3.8205978e-01  -6.4072126e-01   6.6601394e-01   5.1067243e-01  -5.5674243e-01   7.3480174e-01   3.8752068e-01  -1.0439264e+00  -7.3765585e-01  -2.2273458e-01  -6.3743322e-01   1.0998497e+00
  -3.8212615e-01  -6.4075272e-01   6.6594562e-01   5.1065441e-01  -5.5668052e-01   7.3481378e-01   3.8758679e-01  -1.0439179e+00  -7.3766821e-01  -2.2260435e-01  -6.3746441e-01   1.0998050e+00
  -3.8218894e-01  -6.4078688e-01   6.6587672e-01   5.1064073e-01  -5.5662413e-01   7.3482191e-01   3.8765233e-01  -1.0439065e+00  -7.3767825e-01  -2.2247904e-01  -6.3749659e-01   1.0997654e+00
  -3.8233199e-01  -6.4085263e-01   6.6573129e-01   5.1060518e-01  -5.5649295e-01   7.3484830e-01   3.8779065e-01  -1.0438885e+00  -7.3770304e-01  -2.2220246e-01  -6.3756432e-01   1.0996746e+00
  -3.8242589e-01  -6.4088546e-01   6.6564574e-01   5.1058190e-01  -5.5643187e-01   7.3486398e-01   3.8784854e-01  -1.0438823e+00  -7.3770050e-01  -2.2205564e-01  -6.3761844e-01   1.0996251e+00
  -3.8250241e-01  -6.4091995e-01   6.6556858e-01   5.1056149e-01  -5.5636751e-01   7.3487669e-01   3.8791677e-01  -1.0438743e+00  -7.3770936e-01  -2.2191408e-01  -6.3765747e-01   1.0995786e+00
  -3.8257608e-01  -6.4096190e-01   6.6548583e-01   5.1054271e-01  -5.5630338e-01   7.3488444e-01   3.8799405e-01  -1.0438636e+00  -7.3771948e-01  -2.2176722e-01  -6.3769683e-01   1.0995314e+00
  -3.8264813e-01  -6.4099453e-01   6.6541297e-01   5.1052423e-01  -5.5623678e-01   7.3489804e-01   3.8806380e-01  -1.0438556e+00  -7.3773239e-01  -2.2162775e-01  -6.3773038e-01   1.0994855e+00
  -3.8272031e-01  -6.4103637e-01   6.6533117e-01   5.1050831e-01  -5.5617622e-01   7.3490447e-01   3.8813839e-01  -1.0438434e+00  -7.3774058e-01  -2.2148536e-01  -6.3777038e-01   1.0994413e+00
  -3.8279800e-01  -6.4107078e-01   6.6525329e-01   5.1048843e-01  -5.5611285e-01   7.3491706e-01   3.8820543e-01  -1.0438354e+00  -7.3774808e-01  -2.2134411e-01  -6.3781075e-01   1.0993943e+00
  -3.8289590e-01  -6.4110763e-01   6.6516143e-01   5.1046326e-01  -5.5604633e-01   7.3493263e-01   3.8827121e-01  -1.0438291e+00  -7.3774737e-01  -2.2118561e-01  -6.3786659e-01   1.0993418e+00
  -3.8305303e-01  -6.4118710e-01   6.6499434e-01   5.1042416e-01  -5.5591894e-01   7.3495185e-01   3.8841719e-01  -1.0438097e+00  -7.3776180e-01  -2.2089108e-01  -6.3795192e-01   1.0992484e+00
  -3.8311685e-01  -6.4122939e-01   6.6491682e-01   5.1041000e-01  -5.5586425e-01   7.3495469e-01   3.8849009e-01  -1.0437977e+00  -7.3776991e-01  -2.2075887e-01  -6.3798832e-01   1.0992075e+00
  -3.8319643e-01  -6.4126918e-01   6.6483257e-01   5.1038895e-01  -5.5579480e-01   7.3496614e-01   3.8856782e-01  -1.0437873e+00  -7.3778092e-01  -2.2060517e-01  -6.3802874e-01   1.0991583e+00
  -3.8327208e-01  -6.4130647e-01   6.6475299e-01   5.1037098e-01  -5.5573073e-01   7.3497668e-01   3.8863942e-01  -1.0437771e+00  -7.3778984e-01  -2.2046152e-01  -6.3806806e-01   1.0991113e+00
  -3.8335036e-01  -6.4134470e-01   6.6467092e-01   5.1035120e-01  -5.5566163e-01   7.3498863e-01   3.8871565e-01  -1.0437659e+00  -7.3780123e-01  -2.2031035e-01  -6.3810712e-01   1.0990624e+00
  -3.8341810e-01  -6.4138453e-01   6.6459345e-01   5.1033351e-01  -5.5559605e-01   7.3499676e-01   3.8879403e-01  -1.0437534e+00  -7.3781543e-01  -2.2016735e-01  -6.3814007e-01   1.0990168e+00
  -3.8350322e-01  -6.4142460e-01   6.6450568e-01   5.1031488e-01  -5.5553591e-01   7.3500611e-01   3.8886229e-01  -1.0437433e+00  -7.3781646e-01  -2.2001933e-01  -6.3818993e-01   1.0989691e+00
  -3.8358767e-01  -6.4145995e-01   6.6442281e-01   5.1029403e-01  -5.5547019e-01   7.3501976e-01   3.8893041e-01  -1.0437336e+00  -7.3782206e-01  -2.1987068e-01  -6.3823470e-01   1.0989201e+00
  -3.8366558e-01  -6.4149873e-01   6.6434035e-01   5.1027603e-01  -5.5540378e-01   7.3503040e-01   3.8900509e-01  -1.0437213e+00  -7.3783156e-01  -2.1972178e-01  -6.3827501e-01   1.0988713e+00
  -3.8377302e-01  -6.4153067e-01   6.6424744e-01   5.1025062e-01  -5.5533325e-01   7.3505144e-01   3.8906600e-01  -1.0437142e+00  -7.3782871e-01  -2.1955822e-01  -6.3833449e-01   1.0988148e+00
  -3.8393154e-01  -6.4160998e-01   6.6407920e-01   5.1021244e-01  -5.5520625e-01   7.3507036e-01   3.8921152e-01  -1.0436917e+00  -7.3784185e-01  -2.1926291e-01  -6.3842085e-01   1.0987181e+00
  -3.8401058e-01  -6.4164827e-01   6.6399650e-01   5.1019696e-01  -5.5514342e-01   7.3508034e-01   3.8928230e-01  -1.0436780e+00  -7.3784802e-01  -2.1911732e-01  -6.3846373e-01   1.0986708e+00
  -3.8410683e-01  -6.4168995e-01   6.6390056e-01   5.1017426e-01  -5.5507564e-01   7.3509279e-01   3.8935544e-01  -1.0436665e+00  -7.3784884e-01  -2.1895353e-01  -6.3851894e-01   1.0986160e+00
  -3.8418688e-01  -6.4171922e-01   6.6382595e-01   5.1015579e-01  -5.5500943e-01   7.3510917e-01   3.8941884e-01  -1.0436565e+00  -7.3785700e-01  -2.1881258e-01  -6.3855786e-01   1.0985691e+00
  -3.8424781e-01  -6.4176278e-01   6.6374857e-01   5.1013979e-01  -5.5494293e-01   7.3511394e-01   3.8950464e-01  -1.0436410e+00  -7.3787535e-01  -2.1866883e-01  -6.3858592e-01   1.0985212e+00
  -3.8433180e-01  -6.4179647e-01   6.6366734e-01   5.1012193e-01  -5.5487235e-01   7.3512967e-01   3.8957552e-01  -1.0436282e+00  -7.3788465e-01  -2.1851697e-01  -6.3862714e-01   1.0984699e+00
  -3.8439576e-01  -6.4184229e-01   6.6358596e-01   5.1010982e-01  -5.5481762e-01   7.3513011e-01   3.8965266e-01  -1.0436118e+00  -7.3789248e-01  -2.1838093e-01  -6.3866462e-01   1.0984255e+00
  -3.8446284e-01  -6.4187913e-01   6.6351152e-01   5.1009642e-01  -5.5475667e-01   7.3513812e-01   3.8972422e-01  -1.0435991e+00  -7.3790334e-01  -2.1824555e-01  -6.3869831e-01   1.0983806e+00
  -3.8454238e-01  -6.4191821e-01   6.6342758e-01   5.1007649e-01  -5.5468954e-01   7.3514882e-01   3.8979955e-01  -1.0435878e+00  -7.3791240e-01  -2.1809448e-01  -6.3873945e-01   1.0983274e+00
  -3.8461716e-01  -6.4195149e-01   6.6335203e-01   5.1006128e-01  -5.5461970e-01   7.3516291e-01   3.8987241e-01  -1.0435745e+00  -7.3792588e-01  -2.1794910e-01  -6.3877348e-01   1.0982783e+00
  -3.8477593e-01  -6.4203457e-01   6.6317951e-01   5.1002839e-01  -5.5449224e-01   7.3517924e-01   3.9002294e-01  -1.0435488e+00  -7.3793890e-01  -2.1764907e-01  -6.3886076e-01   1.0981786e+00
  -3.8484595e-01  -6.4207625e-01   6.6309855e-01   5.1001446e-01  -5.5442507e-01   7.3518666e-01   3.9010438e-01  -1.0435337e+00  -7.3795286e-01  -2.1750099e-01  -6.3889507e-01   1.0981298e+00
  -3.8493574e-01  -6.4211264e-01   6.6301119e-01   5.0999484e-01  -5.5435967e-01   7.3520010e-01   3.9017200e-01  -1.0435222e+00  -7.3795520e-01  -2.1734812e-01  -6.3894439e-01   1.0980766e+00
  -3.8503064e-01  -6.4215531e-01   6.6291473e-01   5.0997642e-01  -5.5429314e-01   7.3521097e-01   3.9024595e-01  -1.0435086e+00  -7.3795564e-01  -2.1718502e-01  -6.3899936e-01   1.0980219e+00
  -3.8510437e-01  -6.4219632e-01   6.6283218e-01   5.0996075e-01  -5.5422771e-01   7.3521888e-01   3.9032406e-01  -1.0434950e+00  -7.3796630e-01  -2.1703707e-01  -6.3903727e-01   1.0979721e+00
  -3.8516778e-01  -6.4224437e-01   6.6274882e-01   5.0994774e-01  -5.5416588e-01   7.3521974e-01   3.9041019e-01  -1.0434793e+00  -7.3797970e-01  -2.1689195e-01  -6.3907112e-01   1.0979249e+00
  -3.8523504e-01  -6.4229053e-01   6.6266496e-01   5.0993412e-01  -5.5409852e-01   7.3522398e-01   3.9049782e-01  -1.0434640e+00  -7.3799514e-01  -2.1674088e-01  -6.3910449e-01   1.0978744e+00
  -3.8532148e-01  -6.4232842e-01   6.6257799e-01   5.0991401e-01  -5.5402243e-01   7.3523893e-01   3.9057760e-01  -1.0434509e+00  -7.3800712e-01  -2.1657777e-01  -6.3914591e-01   1.0978170e+00
  -3.8538221e-01  -6.4237428e-01   6.6249815e-01   5.0990450e-01  -5.5396692e-01   7.3523865e-01   3.9065683e-01  -1.0434339e+00  -7.3801708e-01  -2.1644250e-01  -6.3918030e-01   1.0977728e+00
  -3.8542954e-01  -6.4241956e-01   6.6242674e-01   5.0989419e-01  -5.5389612e-01   7.3524093e-01   3.9075299e-01  -1.0434149e+00  -7.3804552e-01  -2.1630051e-01  -6.3919552e-01   1.0977250e+00
  -3.8551249e-01  -6.4245446e-01   6.6234462e-01   5.0987779e-01  -5.5382331e-01   7.3525602e-01   3.9082780e-01  -1.0434035e+00  -7.3805680e-01  -2.1614554e-01  -6.3923490e-01   1.0976724e+00
  -3.8556415e-01  -6.4250812e-01   6.6226248e-01   5.0986996e-01  -5.5376895e-01   7.3524917e-01   3.9091768e-01  -1.0433845e+00  -7.3807066e-01  -2.1600921e-01  -6.3926500e-01   1.0976284e+00
  -3.8570719e-01  -6.4259562e-01   6.6209430e-01   5.0983932e-01  -5.5363221e-01   7.3526217e-01   3.9108682e-01  -1.0433554e+00  -7.3809847e-01  -2.1570438e-01  -6.3933580e-01   1.0975244e+00
  -3.8577852e-01  -6.4263811e-01   6.6201147e-01   5.0982518e-01  -5.5356456e-01   7.3526914e-01   3.9116952e-01  -1.0433403e+00  -7.3811197e-01  -2.1555395e-01  -6.3937098e-01   1.0974736e+00
  -3.8584365e-01  -6.4268441e-01   6.6192856e-01   5.0981207e-01  -5.5349154e-01   7.3527434e-01   3.9126302e-01  -1.0433232e+00  -7.3813267e-01  -2.1539820e-01  -6.3939953e-01   1.0974226e+00
  -3.8590859e-01  -6.4273097e-01   6.6184551e-01   5.0980113e-01  -5.5343049e-01   7.3527584e-01   3.9134657e-01  -1.0433070e+00  -7.3814450e-01  -2.1525417e-01  -6.3943441e-01   1.0973758e+00
  -3.8596139e-01  -6.4278112e-01   6.6176601e-01   5.0979056e-01  -5.5336126e-01   7.3527544e-01   3.9144516e-01  -1.0432882e+00  -7.3816874e-01  -2.1510565e-01  -6.3945637e-01   1.0973278e+00
  -3.8604789e-01  -6.4281849e-01   6.6167922e-01   5.0976978e-01  -5.5328055e-01   7.3529176e-01   3.9152865e-01  -1.0432772e+00  -7.3818405e-01  -2.1493813e-01  -6.3949506e-01   1.0972700e+00
  -3.8612851e-01  -6.4286563e-01   6.6158640e-01   5.0975352e-01  -5.5321463e-01   7.3529693e-01   3.9161199e-01  -1.0432630e+00  -7.3819124e-01  -2.1477942e-01  -6.3954001e-01   1.0972157e+00
  -3.8619261e-01  -6.4291855e-01   6.6149757e-01   5.0974198e-01  -5.5315212e-01   7.3529486e-01   3.9170427e-01  -1.0432455e+00  -7.3820461e-01  -2.1462818e-01  -6.3957540e-01   1.0971672e+00
  -3.8627725e-01  -6.4295963e-01   6.6140817e-01   5.0972301e-01  -5.5308214e-01   7.3530541e-01   3.9178324e-01  -1.0432365e+00  -7.3821272e-01  -2.1446881e-01  -6.3961948e-01   1.0971134e+00
  -3.8634141e-01  -6.4301087e-01   6.6132089e-01   5.0970842e-01  -5.5300909e-01   7.3530728e-01   3.9188283e-01  -1.0432211e+00  -7.3823391e-01  -2.1430862e-01  -6.3964875e-01   1.0970616e+00
  -3.8647197e-01  -6.4311200e-01   6.6114627e-01   5.0968035e-01  -5.5286186e-01   7.3531254e-01   3.9208072e-01  -1.0431876e+00  -7.3827584e-01  -2.1398707e-01  -6.3970802e-01   1.0969567e+00
  -3.8653566e-01  -6.4316190e-01   6.6106050e-01   5.0966609e-01  -5.5278805e-01   7.3531524e-01   3.9217963e-01  -1.0431728e+00  -7.3829777e-01  -2.1382764e-01  -6.3973603e-01   1.0969050e+00
  -3.8660788e-01  -6.4321451e-01   6.6096706e-01   5.0964986e-01  -5.5271079e-01   7.3531882e-01   3.9228182e-01  -1.0431580e+00  -7.3831777e-01  -2.1365710e-01  -6.3976990e-01   1.0968493e+00
  -3.8665256e-01  -6.4327070e-01   6.6088627e-01   5.0964072e-01  -5.5264143e-01   7.3531320e-01   3.9239005e-01  -1.0431401e+00  -7.3834629e-01  -2.1350727e-01  -6.3978699e-01   1.0968017e+00
  -3.8669883e-01  -6.4332447e-01   6.6080677e-01   5.0962874e-01  -5.5256240e-01   7.3531201e-01   3.9250350e-01  -1.0431240e+00  -7.3838117e-01  -2.1334909e-01  -6.3979947e-01   1.0967504e+00
  -3.8675422e-01  -6.4337756e-01   6.6072269e-01   5.0961906e-01  -5.5249084e-01   7.3531064e-01   3.9260680e-01  -1.0431064e+00  -7.3840571e-01  -2.1319365e-01  -6.3982300e-01   1.0967019e+00
  -3.8682131e-01  -6.4343701e-01   6.6062552e-01   5.0960407e-01  -5.5241939e-01   7.3530744e-01   3.9271333e-01  -1.0430924e+00  -7.3842403e-01  -2.1302523e-01  -6.3985792e-01   1.0966467e+00
  -3.8687918e-01  -6.4348871e-01   6.6054125e-01   5.0959023e-01  -5.5233492e-01   7.3531102e-01   3.9282548e-01  -1.0430758e+00  -7.3845691e-01  -2.1285676e-01  -6.3987607e-01   1.0965939e+00
  -3.8691817e-01  -6.4355566e-01   6.6045320e-01   5.0957984e-01  -5.5226430e-01   7.3529821e-01   3.9294870e-01  -1.0430585e+00  -7.3848932e-01  -2.1269847e-01  -6.3989133e-01   1.0965454e+00
  -3.8697706e-01  -6.4360503e-01   6.6037059e-01   5.0956353e-01  -5.5217012e-01   7.3530603e-01   3.9306643e-01  -1.0430427e+00  -7.3852892e-01  -2.1252198e-01  -6.3990427e-01   1.0964891e+00
  -3.8703567e-01  -6.4366861e-01   6.6027425e-01   5.0955291e-01  -5.5209933e-01   7.3529858e-01   3.9317977e-01  -1.0430244e+00  -7.3855108e-01  -2.1235517e-01  -6.3993404e-01   1.0964366e+00
  -3.8713174e-01  -6.4379488e-01   6.6009483e-01   5.0952874e-01  -5.5194408e-01   7.3528444e-01   3.9342420e-01  -1.0429894e+00  -7.3861682e-01  -2.1202125e-01  -6.3996891e-01   1.0963332e+00
  -3.8717926e-01  -6.4385244e-01   6.6001080e-01   5.0951695e-01  -5.5186370e-01   7.3528129e-01   3.9354278e-01  -1.0429739e+00  -7.3865192e-01  -2.1185723e-01  -6.3998268e-01   1.0962814e+00
  -3.8722196e-01  -6.4391690e-01   6.5992288e-01   5.0950672e-01  -5.5177466e-01   7.3527567e-01   3.9367803e-01  -1.0429552e+00  -7.3869607e-01  -2.1168074e-01  -6.3999015e-01   1.0962283e+00
  -3.8727934e-01  -6.4397578e-01   6.5983171e-01   5.0949279e-01  -5.5169215e-01   7.3527395e-01   3.9379686e-01  -1.0429418e+00  -7.3872762e-01  -2.1150736e-01  -6.4001103e-01   1.0961737e+00
  -3.8731187e-01  -6.4405483e-01   6.5973545e-01   5.0948405e-01  -5.5161908e-01   7.3525325e-01   3.9393786e-01  -1.0429205e+00  -7.3876511e-01  -2.1133866e-01  -6.4002350e-01   1.0961226e+00
  -3.8736145e-01  -6.4411546e-01   6.5964716e-01   5.0947093e-01  -5.5153832e-01   7.3524858e-01   3.9405959e-01  -1.0429063e+00  -7.3879939e-01  -2.1117000e-01  -6.4003956e-01   1.0960706e+00
  -3.8741618e-01  -6.4418367e-01   6.5954844e-01   5.0945825e-01  -5.5145230e-01   7.3524175e-01   3.9419275e-01  -1.0428882e+00  -7.3883497e-01  -2.1098566e-01  -6.4005938e-01   1.0960156e+00
  -3.8746533e-01  -6.4425341e-01   6.5945137e-01   5.0944470e-01  -5.5136470e-01   7.3523345e-01   3.9433073e-01  -1.0428726e+00  -7.3887452e-01  -2.1080154e-01  -6.4007434e-01   1.0959594e+00
  -3.8750249e-01  -6.4432264e-01   6.5936193e-01   5.0943216e-01  -5.5127706e-01   7.3522339e-01   3.9447204e-01  -1.0428544e+00  -7.3892046e-01  -2.1062506e-01  -6.4007944e-01   1.0959079e+00
  -3.8754348e-01  -6.4440026e-01   6.5926196e-01   5.0942270e-01  -5.5120508e-01   7.3520445e-01   3.9460791e-01  -1.0428359e+00  -7.3895264e-01  -2.1045371e-01  -6.4009859e-01   1.0958576e+00
  -3.8763099e-01  -6.4454022e-01   6.5907367e-01   5.0939493e-01  -5.5102537e-01   7.3518665e-01   3.9489190e-01  -1.0428024e+00  -7.3904077e-01  -2.1008683e-01  -6.4011735e-01   1.0957485e+00
  -3.8766341e-01  -6.4461119e-01   6.5898518e-01   5.0937999e-01  -5.5092750e-01   7.3517746e-01   3.9504555e-01  -1.0427866e+00  -7.3909669e-01  -2.0990123e-01  -6.4011368e-01   1.0956941e+00
  -3.8769753e-01  -6.4468369e-01   6.5889423e-01   5.0937134e-01  -5.5084480e-01   7.3516329e-01   3.9518724e-01  -1.0427691e+00  -7.3914050e-01  -2.0972820e-01  -6.4011987e-01   1.0956446e+00
  -3.8774630e-01  -6.4474518e-01   6.5880532e-01   5.0935308e-01  -5.5074747e-01   7.3516231e-01   3.9532477e-01  -1.0427576e+00  -7.3918746e-01  -2.0954254e-01  -6.4012643e-01   1.0955881e+00
  -3.8779252e-01  -6.4481428e-01   6.5871048e-01   5.0933785e-01  -5.5065866e-01   7.3515383e-01   3.9546415e-01  -1.0427434e+00  -7.3922935e-01  -2.0935948e-01  -6.4013795e-01   1.0955339e+00
  -3.8782999e-01  -6.4489547e-01   6.5860893e-01   5.0932545e-01  -5.5058156e-01   7.3513328e-01   3.9560969e-01  -1.0427273e+00  -7.3926708e-01  -2.0918157e-01  -6.4015251e-01   1.0954826e+00
  -3.8787858e-01  -6.4496449e-01   6.5851277e-01   5.0930938e-01  -5.5048521e-01   7.3512730e-01   3.9575481e-01  -1.0427113e+00  -7.3931337e-01  -2.0898961e-01  -6.4016175e-01   1.0954270e+00
  -3.8792824e-01  -6.4503118e-01   6.5841816e-01   5.0929286e-01  -5.5039159e-01   7.3512211e-01   3.9589465e-01  -1.0426994e+00  -7.3935701e-01  -2.0880197e-01  -6.4017260e-01   1.0953707e+00
  -3.8796029e-01  -6.4510921e-01   6.5832281e-01   5.0928456e-01  -5.5030993e-01   7.3510367e-01   3.9604242e-01  -1.0426819e+00  -7.3940096e-01  -2.0862578e-01  -6.4017930e-01   1.0953210e+00
  -3.8800303e-01  -6.4518331e-01   6.5822501e-01   5.0926819e-01  -5.5021761e-01   7.3509239e-01   3.9619157e-01  -1.0426669e+00  -7.3944720e-01  -2.0843639e-01  -6.4018756e-01   1.0952630e+00
  -3.8805013e-01  -6.4525540e-01   6.5812657e-01   5.0925310e-01  -5.5013304e-01   7.3508079e-01   3.9633053e-01  -1.0426530e+00  -7.3948548e-01  -2.0825399e-01  -6.4020269e-01   1.0952084e+00
