  -4.0456289e-01  -5.7398630e-01   7.1199480e-01   4.8315067e-01  -5.8231844e-01   7.6200135e-01   2.8342049e-01  -1.0672924e+00  -7.0519651e-01  -2.9993604e-01  -6.4249846e-01   1.1064722e+00
  -4.0452500e-01  -5.7397023e-01   7.1202926e-01   4.8316307e-01  -5.8236633e-01   7.6198099e-01   2.8337691e-01  -1.0673165e+00  -7.0517870e-01  -3.0001862e-01  -6.4247947e-01   1.1064930e+00
  -4.0449900e-01  -5.7395008e-01   7.1206030e-01   4.8317422e-01  -5.8241621e-01   7.6196334e-01   2.8332172e-01  -1.0673399e+00  -7.0515242e-01  -3.0010191e-01  -6.4246936e-01   1.1065154e+00
  -4.0446418e-01  -5.7393828e-01   7.1208958e-01   4.8318987e-01  -5.8247188e-01   7.6193845e-01   2.8327421e-01  -1.0673612e+00  -7.0512635e-01  -3.0018768e-01  -6.4245787e-01   1.1065389e+00
  -4.0443437e-01  -5.7393134e-01   7.1211210e-01   4.8320124e-01  -5.8252787e-01   7.6191234e-01   2.8322941e-01  -1.0673836e+00  -7.0509728e-01  -3.0026725e-01  -6.4245268e-01   1.1065613e+00
  -4.0440233e-01  -5.7391663e-01   7.1214217e-01   4.8321509e-01  -5.8258623e-01   7.6188792e-01   2.8317506e-01  -1.0674076e+00  -7.0506741e-01  -3.0035735e-01  -6.4244334e-01   1.1065854e+00
  -4.0433614e-01  -5.7389269e-01   7.1219904e-01   4.8324173e-01  -5.8269916e-01   7.6183806e-01   2.8307674e-01  -1.0674541e+00  -7.0501204e-01  -3.0052940e-01  -6.4242366e-01   1.1066318e+00
  -4.0431528e-01  -5.7388051e-01   7.1222069e-01   4.8325253e-01  -5.8275431e-01   7.6181585e-01   2.8302298e-01  -1.0674784e+00  -7.0497842e-01  -3.0060895e-01  -6.4242328e-01   1.1066525e+00
  -4.0428284e-01  -5.7385648e-01   7.1225848e-01   4.8326499e-01  -5.8279814e-01   7.6180120e-01   2.8297213e-01  -1.0675020e+00  -7.0496081e-01  -3.0069193e-01  -6.4240380e-01   1.1066733e+00
  -4.0425439e-01  -5.7384055e-01   7.1228746e-01   4.8327675e-01  -5.8285488e-01   7.6177853e-01   2.8291632e-01  -1.0675272e+00  -7.0493014e-01  -3.0077986e-01  -6.4239623e-01   1.1066970e+00
  -4.0421557e-01  -5.7382848e-01   7.1231919e-01   4.8329159e-01  -5.8291707e-01   7.6175017e-01   2.8286448e-01  -1.0675522e+00  -7.0490100e-01  -3.0087456e-01  -6.4238388e-01   1.1067226e+00
  -4.0418410e-01  -5.7381853e-01   7.1234508e-01   4.8330478e-01  -5.8297351e-01   7.6172472e-01   2.8281680e-01  -1.0675754e+00  -7.0487241e-01  -3.0095802e-01  -6.4237617e-01   1.1067457e+00
  -4.0414055e-01  -5.7380077e-01   7.1238413e-01   4.8332155e-01  -5.8302885e-01   7.6170077e-01   2.8276723e-01  -1.0675964e+00  -7.0485160e-01  -3.0105255e-01  -6.4235474e-01   1.1067721e+00
  -4.0412210e-01  -5.7378802e-01   7.1240482e-01   4.8333088e-01  -5.8307974e-01   7.6168097e-01   2.8271568e-01  -1.0676196e+00  -7.0482011e-01  -3.0112696e-01  -6.4235442e-01   1.1067908e+00
  -4.0408990e-01  -5.7377517e-01   7.1243346e-01   4.8334415e-01  -5.8313308e-01   7.6165780e-01   2.8266803e-01  -1.0676426e+00  -7.0479442e-01  -3.0121001e-01  -6.4234365e-01   1.1068138e+00
  -4.0406210e-01  -5.7376777e-01   7.1245519e-01   4.8335517e-01  -5.8319084e-01   7.6163132e-01   2.8262019e-01  -1.0676651e+00  -7.0476259e-01  -3.0129096e-01  -6.4234061e-01   1.1068359e+00
  -4.0402558e-01  -5.7375437e-01   7.1248671e-01   4.8337077e-01  -5.8324609e-01   7.6160684e-01   2.8257215e-01  -1.0676876e+00  -7.0473778e-01  -3.0137847e-01  -6.4232678e-01   1.1068598e+00
  -4.0400225e-01  -5.7373406e-01   7.1251624e-01   4.8338134e-01  -5.8329324e-01   7.6159078e-01   2.8251816e-01  -1.0677093e+00  -7.0471215e-01  -3.0145767e-01  -6.4231775e-01   1.1068810e+00
  -4.0393517e-01  -5.7371737e-01   7.1256771e-01   4.8340845e-01  -5.8340409e-01   7.6153854e-01   2.8242995e-01  -1.0677529e+00  -7.0465879e-01  -3.0162127e-01  -6.4229943e-01   1.1069258e+00
  -4.0390593e-01  -5.7369831e-01   7.1259965e-01   4.8342144e-01  -5.8345453e-01   7.6151957e-01   2.8237700e-01  -1.0677749e+00  -7.0463381e-01  -3.0170549e-01  -6.4228734e-01   1.1069483e+00
  -4.0387603e-01  -5.7368605e-01   7.1262645e-01   4.8343403e-01  -5.8350759e-01   7.6149664e-01   2.8232918e-01  -1.0677968e+00  -7.0460702e-01  -3.0178666e-01  -6.4227859e-01   1.1069703e+00
  -4.0384609e-01  -5.7368125e-01   7.1264726e-01   4.8344590e-01  -5.8356207e-01   7.6147010e-01   2.8228812e-01  -1.0678169e+00  -7.0457901e-01  -3.0186271e-01  -6.4227353e-01   1.1069908e+00
  -4.0380147e-01  -5.7366339e-01   7.1268693e-01   4.8345940e-01  -5.8361639e-01   7.6144634e-01   2.8223999e-01  -1.0678417e+00  -7.0455966e-01  -3.0195658e-01  -6.4225070e-01   1.1070166e+00
  -4.0378611e-01  -5.7365111e-01   7.1270553e-01   4.8346904e-01  -5.8366205e-01   7.6142900e-01   2.8219222e-01  -1.0678631e+00  -7.0453063e-01  -3.0202356e-01  -6.4225102e-01   1.1070334e+00
  -4.0375247e-01  -5.7364032e-01   7.1273327e-01   4.8348152e-01  -5.8371472e-01   7.6140499e-01   2.8214814e-01  -1.0678848e+00  -7.0450622e-01  -3.0210464e-01  -6.4223962e-01   1.1070552e+00
  -4.0371237e-01  -5.7362280e-01   7.1277009e-01   4.8349705e-01  -5.8376227e-01   7.6138470e-01   2.8210442e-01  -1.0679032e+00  -7.0448985e-01  -3.0218895e-01  -6.4221796e-01   1.1070793e+00
  -4.0368793e-01  -5.7361093e-01   7.1279350e-01   4.8350664e-01  -5.8381123e-01   7.6136425e-01   2.8205830e-01  -1.0679252e+00  -7.0446328e-01  -3.0226304e-01  -6.4221224e-01   1.1070995e+00
  -4.0365386e-01  -5.7360801e-01   7.1281509e-01   4.8351996e-01  -5.8386551e-01   7.6133634e-01   2.8202133e-01  -1.0679441e+00  -7.0443777e-01  -3.0233889e-01  -6.4220451e-01   1.1071200e+00
  -4.0359107e-01  -5.7358966e-01   7.1286545e-01   4.8354876e-01  -5.8398024e-01   7.6128370e-01   2.8192597e-01  -1.0679865e+00  -7.0437872e-01  -3.0250625e-01  -6.4219047e-01   1.1071676e+00
  -4.0356199e-01  -5.7357215e-01   7.1289599e-01   4.8356165e-01  -5.8403132e-01   7.6126376e-01   2.8187401e-01  -1.0680083e+00  -7.0435300e-01  -3.0258970e-01  -6.4217936e-01   1.1071900e+00
  -4.0353307e-01  -5.7356113e-01   7.1292124e-01   4.8357339e-01  -5.8408230e-01   7.6124127e-01   2.8182899e-01  -1.0680288e+00  -7.0432730e-01  -3.0266707e-01  -6.4217106e-01   1.1072106e+00
  -4.0349980e-01  -5.7355071e-01   7.1294846e-01   4.8358664e-01  -5.8413475e-01   7.6121716e-01   2.8178535e-01  -1.0680505e+00  -7.0430284e-01  -3.0274735e-01  -6.4216007e-01   1.1072333e+00
  -4.0347066e-01  -5.7353886e-01   7.1297449e-01   4.8359939e-01  -5.8418802e-01   7.6119400e-01   2.8173745e-01  -1.0680728e+00  -7.0427533e-01  -3.0282807e-01  -6.4215215e-01   1.1072556e+00
  -4.0344236e-01  -5.7352928e-01   7.1299819e-01   4.8361119e-01  -5.8423896e-01   7.6117111e-01   2.8169381e-01  -1.0680921e+00  -7.0424934e-01  -3.0290382e-01  -6.4214498e-01   1.1072758e+00
  -4.0341233e-01  -5.7351804e-01   7.1302423e-01   4.8362289e-01  -5.8428838e-01   7.6114919e-01   2.8165051e-01  -1.0681129e+00  -7.0422552e-01  -3.0298019e-01  -6.4213502e-01   1.1072969e+00
  -4.0339137e-01  -5.7350416e-01   7.1304724e-01   4.8363003e-01  -5.8433319e-01   7.6113182e-01   2.8160450e-01  -1.0681351e+00  -7.0420036e-01  -3.0305005e-01  -6.4212969e-01   1.1073145e+00
  -4.0334311e-01  -5.7349889e-01   7.1307881e-01   4.8364940e-01  -5.8438811e-01   7.6110204e-01   2.8157095e-01  -1.0681504e+00  -7.0418241e-01  -3.0313476e-01  -6.4210940e-01   1.1073403e+00
  -4.0333059e-01  -5.7348976e-01   7.1309319e-01   4.8365651e-01  -5.8443786e-01   7.6108212e-01   2.8152157e-01  -1.0681729e+00  -7.0414830e-01  -3.0320207e-01  -6.4211502e-01   1.1073579e+00
  -4.0329744e-01  -5.7347556e-01   7.1312341e-01   4.8367011e-01  -5.8448505e-01   7.6106175e-01   2.8147861e-01  -1.0681924e+00  -7.0412812e-01  -3.0328004e-01  -6.4210033e-01   1.1073790e+00
  -4.0323613e-01  -5.7345407e-01   7.1317534e-01   4.8369642e-01  -5.8458968e-01   7.6101475e-01   2.8138849e-01  -1.0682336e+00  -7.0407636e-01  -3.0343864e-01  -6.4208213e-01   1.1074219e+00
  -4.0320882e-01  -5.7344872e-01   7.1319506e-01   4.8370690e-01  -5.8464394e-01   7.6098884e-01   2.8134587e-01  -1.0682552e+00  -7.0404695e-01  -3.0351372e-01  -6.4207891e-01   1.1074430e+00
  -4.0317818e-01  -5.7343863e-01   7.1322051e-01   4.8371940e-01  -5.8469573e-01   7.6096528e-01   2.8130194e-01  -1.0682757e+00  -7.0402150e-01  -3.0359185e-01  -6.4206991e-01   1.1074645e+00
  -4.0315025e-01  -5.7342835e-01   7.1324459e-01   4.8373118e-01  -5.8474646e-01   7.6094271e-01   2.8125755e-01  -1.0682964e+00  -7.0399531e-01  -3.0366789e-01  -6.4206263e-01   1.1074852e+00
  -4.0312187e-01  -5.7341265e-01   7.1327321e-01   4.8374299e-01  -5.8479229e-01   7.6092428e-01   2.8121208e-01  -1.0683163e+00  -7.0397353e-01  -3.0374361e-01  -6.4205067e-01   1.1075057e+00
  -4.0309204e-01  -5.7340293e-01   7.1329791e-01   4.8375513e-01  -5.8484235e-01   7.6090140e-01   2.8116978e-01  -1.0683362e+00  -7.0394902e-01  -3.0381920e-01  -6.4204181e-01   1.1075265e+00
  -4.0306061e-01  -5.7339281e-01   7.1332381e-01   4.8376715e-01  -5.8489303e-01   7.6087820e-01   2.8112722e-01  -1.0683565e+00  -7.0392493e-01  -3.0389646e-01  -6.4203165e-01   1.1075474e+00
  -4.0304607e-01  -5.7338656e-01   7.1333704e-01   4.8377526e-01  -5.8494399e-01   7.6085618e-01   2.8108075e-01  -1.0683785e+00  -7.0389089e-01  -3.0396337e-01  -6.4203729e-01   1.1075648e+00
  -4.0298955e-01  -5.7336410e-01   7.1338701e-01   4.8379985e-01  -5.8504754e-01   7.6081068e-01   2.8098839e-01  -1.0684208e+00  -7.0383716e-01  -3.0411962e-01  -6.4202221e-01   1.1076077e+00
  -4.0295376e-01  -5.7335565e-01   7.1341402e-01   4.8381442e-01  -5.8510110e-01   7.6078477e-01   2.8094700e-01  -1.0684409e+00  -7.0381314e-01  -3.0420033e-01  -6.4201028e-01   1.1076298e+00
  -4.0290765e-01  -5.7334878e-01   7.1344559e-01   4.8383013e-01  -5.8515625e-01   7.6075578e-01   2.8091060e-01  -1.0684594e+00  -7.0379369e-01  -3.0428576e-01  -6.4199113e-01   1.1076542e+00
  -4.0289664e-01  -5.7333352e-01   7.1346408e-01   4.8383757e-01  -5.8520513e-01   7.6073880e-01   2.8085485e-01  -1.0684839e+00  -7.0375938e-01  -3.0435703e-01  -6.4199494e-01   1.1076730e+00
  -4.0285117e-01  -5.7331868e-01   7.1350165e-01   4.8385408e-01  -5.8525862e-01   7.6071374e-01   2.8081123e-01  -1.0685037e+00  -7.0374089e-01  -3.0444752e-01  -6.4197231e-01   1.1076989e+00
  -4.0282489e-01  -5.7330947e-01   7.1352389e-01   4.8386304e-01  -5.8530709e-01   7.6069191e-01   2.8076931e-01  -1.0685252e+00  -7.0371561e-01  -3.0451937e-01  -6.4196593e-01   1.1077167e+00
  -4.0280170e-01  -5.7329193e-01   7.1355109e-01   4.8387452e-01  -5.8535640e-01   7.6067354e-01   2.8071633e-01  -1.0685491e+00  -7.0368792e-01  -3.0459829e-01  -6.4195888e-01   1.1077366e+00
  -4.0277546e-01  -5.7328471e-01   7.1357170e-01   4.8388514e-01  -5.8541234e-01   7.6064770e-01   2.8066969e-01  -1.0685714e+00  -7.0365638e-01  -3.0467644e-01  -6.4195636e-01   1.1077583e+00
  -4.0274306e-01  -5.7326924e-01   7.1360239e-01   4.8389923e-01  -5.8546041e-01   7.6062743e-01   2.8062431e-01  -1.0685921e+00  -7.0363493e-01  -3.0475608e-01  -6.4194205e-01   1.1077800e+00
  -4.0271626e-01  -5.7325253e-01   7.1363099e-01   4.8390698e-01  -5.8550535e-01   7.6060999e-01   2.8057793e-01  -1.0686156e+00  -7.0361294e-01  -3.0483109e-01  -6.4193061e-01   1.1077989e+00
  -4.0268679e-01  -5.7324118e-01   7.1365670e-01   4.8391970e-01  -5.8555940e-01   7.6058601e-01   2.8053007e-01  -1.0686370e+00  -7.0358478e-01  -3.0491226e-01  -6.4192284e-01   1.1078210e+00
  -4.0262897e-01  -5.7322031e-01   7.1370609e-01   4.8394333e-01  -5.8565953e-01   7.6054093e-01   2.8044314e-01  -1.0686777e+00  -7.0353448e-01  -3.0506388e-01  -6.4190593e-01   1.1078624e+00
  -4.0259919e-01  -5.7321513e-01   7.1372703e-01   4.8395719e-01  -5.8571179e-01   7.6051523e-01   2.8040377e-01  -1.0686956e+00  -7.0350806e-01  -3.0513765e-01  -6.4189986e-01   1.1078845e+00
  -4.0257219e-01  -5.7320635e-01   7.1374934e-01   4.8396810e-01  -5.8576030e-01   7.6049305e-01   2.8036265e-01  -1.0687147e+00  -7.0348316e-01  -3.0520947e-01  -6.4189303e-01   1.1079037e+00
  -4.0254817e-01  -5.7320170e-01   7.1376662e-01   4.8397816e-01  -5.8580648e-01   7.6047072e-01   2.8032662e-01  -1.0687323e+00  -7.0345842e-01  -3.0527375e-01  -6.4188951e-01   1.1079214e+00
  -4.0252029e-01  -5.7318706e-01   7.1379411e-01   4.8399003e-01  -5.8585124e-01   7.6045230e-01   2.8028307e-01  -1.0687518e+00  -7.0343709e-01  -3.0534714e-01  -6.4187801e-01   1.1079419e+00
  -4.0249411e-01  -5.7318386e-01   7.1381140e-01   4.8400082e-01  -5.8590276e-01   7.6042671e-01   2.8024480e-01  -1.0687700e+00  -7.0340916e-01  -3.0541680e-01  -6.4187550e-01   1.1079607e+00
  -4.0245281e-01  -5.7317688e-01   7.1384033e-01   4.8401520e-01  -5.8595170e-01   7.6040119e-01   2.8021180e-01  -1.0687868e+00  -7.0339203e-01  -3.0549356e-01  -6.4185776e-01   1.1079831e+00
  -4.0243971e-01  -5.7316549e-01   7.1385684e-01   4.8402297e-01  -5.8599662e-01   7.6038391e-01   2.8016474e-01  -1.0688081e+00  -7.0336213e-01  -3.0555790e-01  -6.4185988e-01   1.1079995e+00
  -4.0241061e-01  -5.7315584e-01   7.1388099e-01   4.8403482e-01  -5.8604568e-01   7.6036143e-01   2.8012314e-01  -1.0688275e+00  -7.0333785e-01  -3.0563196e-01  -6.4185122e-01   1.1080199e+00
  -4.0237717e-01  -5.7314708e-01   7.1390688e-01   4.8404651e-01  -5.8609060e-01   7.6033965e-01   2.8008825e-01  -1.0688436e+00  -7.0331954e-01  -3.0570260e-01  -6.4183763e-01   1.1080407e+00
  -4.0235201e-01  -5.7313175e-01   7.1393338e-01   4.8405818e-01  -5.8613136e-01   7.6032365e-01   2.8004644e-01  -1.0688615e+00  -7.0330000e-01  -3.0577109e-01  -6.4182641e-01   1.1080592e+00
  -4.0234193e-01  -5.7311982e-01   7.1394864e-01   4.8406405e-01  -5.8617559e-01   7.6030737e-01   2.7999801e-01  -1.0688826e+00  -7.0326889e-01  -3.0583394e-01  -6.4183052e-01   1.1080751e+00
  -4.0227282e-01  -5.7310294e-01   7.1400113e-01   4.8409043e-01  -5.8627230e-01   7.6026014e-01   2.7992378e-01  -1.0689185e+00  -7.0322785e-01  -3.0598294e-01  -6.4180453e-01   1.1081180e+00
  -4.0224466e-01  -5.7309568e-01   7.1402281e-01   4.8410202e-01  -5.8631601e-01   7.6023916e-01   2.7988920e-01  -1.0689352e+00  -7.0320749e-01  -3.0604867e-01  -6.4179551e-01   1.1081359e+00
  -4.0223550e-01  -5.7308169e-01   7.1403920e-01   4.8410800e-01  -5.8636061e-01   7.6022367e-01   2.7983786e-01  -1.0689578e+00  -7.0317551e-01  -3.0611333e-01  -6.4179969e-01   1.1081524e+00
  -4.0219649e-01  -5.7307989e-01   7.1406259e-01   4.8412179e-01  -5.8641449e-01   7.6019427e-01   2.7980487e-01  -1.0689740e+00  -7.0315293e-01  -3.0618972e-01  -6.4178797e-01   1.1081744e+00
  -4.0217201e-01  -5.7307152e-01   7.1408311e-01   4.8413428e-01  -5.8645901e-01   7.6017395e-01   2.7976661e-01  -1.0689888e+00  -7.0312976e-01  -3.0625577e-01  -6.4178185e-01   1.1081939e+00
  -4.0214243e-01  -5.7306959e-01   7.1410134e-01   4.8414641e-01  -5.8650899e-01   7.6014790e-01   2.7973270e-01  -1.0690064e+00  -7.0310506e-01  -3.0632403e-01  -6.4177634e-01   1.1082128e+00
  -4.0212827e-01  -5.7305358e-01   7.1412213e-01   4.8415391e-01  -5.8654514e-01   7.6013598e-01   2.7968923e-01  -1.0690264e+00  -7.0308298e-01  -3.0638351e-01  -6.4177212e-01   1.1082284e+00
  -4.0209282e-01  -5.7303995e-01   7.1415305e-01   4.8416486e-01  -5.8658624e-01   7.6011734e-01   2.7965369e-01  -1.0690442e+00  -7.0306897e-01  -3.0645520e-01  -6.4175325e-01   1.1082478e+00
  -4.0206553e-01  -5.7303112e-01   7.1417550e-01   4.8417597e-01  -5.8663402e-01   7.6009534e-01   2.7961330e-01  -1.0690623e+00  -7.0304469e-01  -3.0652637e-01  -6.4174588e-01   1.1082669e+00
  -4.0203788e-01  -5.7302747e-01   7.1419401e-01   4.8418931e-01  -5.8668547e-01   7.6006963e-01   2.7957525e-01  -1.0690784e+00  -7.0301758e-01  -3.0659697e-01  -6.4174185e-01   1.1082878e+00
  -4.0201292e-01  -5.7301643e-01   7.1421692e-01   4.8419914e-01  -5.8673334e-01   7.6004879e-01   2.7953142e-01  -1.0690989e+00  -7.0299192e-01  -3.0666919e-01  -6.4173546e-01   1.1083080e+00
  -4.0198327e-01  -5.7301105e-01   7.1423791e-01   4.8421065e-01  -5.8677364e-01   7.6002824e-01   2.7950269e-01  -1.0691139e+00  -7.0297524e-01  -3.0673014e-01  -6.4172461e-01   1.1083249e+00
  -4.0195791e-01  -5.7300041e-01   7.1426073e-01   4.8422188e-01  -5.8682260e-01   7.6000672e-01   2.7945845e-01  -1.0691336e+00  -7.0294887e-01  -3.0680340e-01  -6.4171845e-01   1.1083447e+00
  -4.0193334e-01  -5.7299223e-01   7.1428114e-01   4.8423190e-01  -5.8686388e-01   7.5998771e-01   2.7942348e-01  -1.0691498e+00  -7.0292848e-01  -3.0686573e-01  -6.4171103e-01   1.1083620e+00
  -4.0188311e-01  -5.7298058e-01   7.1431872e-01   4.8425250e-01  -5.8695479e-01   7.5994398e-01   2.7935137e-01  -1.0691847e+00  -7.0288122e-01  -3.0699573e-01  -6.4170056e-01   1.1083980e+00
  -4.0187283e-01  -5.7297186e-01   7.1433150e-01   4.8425836e-01  -5.8699013e-01   7.5993024e-01   2.7931462e-01  -1.0692020e+00  -7.0285762e-01  -3.0704613e-01  -6.4170231e-01   1.1084108e+00
  -4.0184966e-01  -5.7295554e-01   7.1435763e-01   4.8426902e-01  -5.8703007e-01   7.5991516e-01   2.7927160e-01  -1.0692200e+00  -7.0283754e-01  -3.0711377e-01  -6.4169199e-01   1.1084294e+00
  -4.0181094e-01  -5.7295584e-01   7.1437913e-01   4.8428209e-01  -5.8707862e-01   7.5988723e-01   2.7924556e-01  -1.0692340e+00  -7.0281907e-01  -3.0718235e-01  -6.4167935e-01   1.1084495e+00
  -4.0178637e-01  -5.7294134e-01   7.1440464e-01   4.8429233e-01  -5.8711787e-01   7.5987154e-01   2.7920570e-01  -1.0692513e+00  -7.0280036e-01  -3.0724822e-01  -6.4166829e-01   1.1084674e+00
  -4.0177822e-01  -5.7293097e-01   7.1441748e-01   4.8429833e-01  -5.8715281e-01   7.5985894e-01   2.7916663e-01  -1.0692688e+00  -7.0277583e-01  -3.0729872e-01  -6.4167098e-01   1.1084804e+00
  -4.0174517e-01  -5.7292448e-01   7.1444132e-01   4.8431131e-01  -5.8720131e-01   7.5983461e-01   2.7913079e-01  -1.0692864e+00  -7.0275420e-01  -3.0737099e-01  -6.4166003e-01   1.1084999e+00
  -4.0172775e-01  -5.7291473e-01   7.1445893e-01   4.8431821e-01  -5.8723935e-01   7.5981881e-01   2.7909378e-01  -1.0693034e+00  -7.0273235e-01  -3.0742825e-01  -6.4165654e-01   1.1085159e+00
  -4.0168768e-01  -5.7290793e-01   7.1448688e-01   4.8433356e-01  -5.8728524e-01   7.5979456e-01   2.7906332e-01  -1.0693182e+00  -7.0271694e-01  -3.0750086e-01  -6.4163865e-01   1.1085372e+00
  -4.0166085e-01  -5.7290789e-01   7.1450197e-01   4.8434345e-01  -5.8732927e-01   7.5977070e-01   2.7903558e-01  -1.0693332e+00  -7.0269544e-01  -3.0755984e-01  -6.4163390e-01   1.1085535e+00
  -4.0165302e-01  -5.7289396e-01   7.1451758e-01   4.8434952e-01  -5.8737433e-01   7.5975508e-01   2.7898326e-01  -1.0693554e+00  -7.0266225e-01  -3.0762439e-01  -6.4163928e-01   1.1085700e+00
  -4.0162989e-01  -5.7288634e-01   7.1453668e-01   4.8435890e-01  -5.8741298e-01   7.5973714e-01   2.7895061e-01  -1.0693706e+00  -7.0264315e-01  -3.0768279e-01  -6.4163220e-01   1.1085861e+00
  -4.0160337e-01  -5.7287811e-01   7.1455818e-01   4.8436933e-01  -5.8745651e-01   7.5971678e-01   2.7891442e-01  -1.0693882e+00  -7.0262190e-01  -3.0774843e-01  -6.4162395e-01   1.1086044e+00
  -4.0155214e-01  -5.7285567e-01   7.1460497e-01   4.8439104e-01  -5.8753950e-01   7.5968040e-01   2.7883868e-01  -1.0694220e+00  -7.0258180e-01  -3.0787990e-01  -6.4160482e-01   1.1086401e+00
  -4.0153183e-01  -5.7284592e-01   7.1462418e-01   4.8439947e-01  -5.8758026e-01   7.5966291e-01   2.7880055e-01  -1.0694391e+00  -7.0255933e-01  -3.0794130e-01  -6.4159998e-01   1.1086571e+00
  -4.0150528e-01  -5.7284461e-01   7.1464014e-01   4.8441079e-01  -5.8762365e-01   7.5963987e-01   2.7877191e-01  -1.0694545e+00  -7.0253821e-01  -3.0800059e-01  -6.4159465e-01   1.1086739e+00
  -4.0148388e-01  -5.7283012e-01   7.1466384e-01   4.8441877e-01  -5.8766123e-01   7.5962536e-01   2.7873212e-01  -1.0694718e+00  -7.0251902e-01  -3.0806333e-01  -6.4158557e-01   1.1086909e+00
  -4.0145669e-01  -5.7282391e-01   7.1468404e-01   4.8442995e-01  -5.8770159e-01   7.5960543e-01   2.7870139e-01  -1.0694868e+00  -7.0250083e-01  -3.0812394e-01  -6.4157637e-01   1.1087075e+00
  -4.0143430e-01  -5.7281515e-01   7.1470368e-01   4.8443929e-01  -5.8774249e-01   7.5958707e-01   2.7866515e-01  -1.0695034e+00  -7.0247938e-01  -3.0818552e-01  -6.4157029e-01   1.1087244e+00
  -4.0141902e-01  -5.7279955e-01   7.1472478e-01   4.8444395e-01  -5.8777316e-01   7.5957707e-01   2.7862768e-01  -1.0695213e+00  -7.0246247e-01  -3.0823911e-01  -6.4156307e-01   1.1087376e+00
  -4.0139643e-01  -5.7279641e-01   7.1473992e-01   4.8445602e-01  -5.8781845e-01   7.5955457e-01   2.7859350e-01  -1.0695353e+00  -7.0243742e-01  -3.0830038e-01  -6.4156102e-01   1.1087564e+00
  -4.0137265e-01  -5.7279506e-01   7.1475437e-01   4.8446532e-01  -5.8786319e-01   7.5953139e-01   2.7856231e-01  -1.0695510e+00  -7.0241364e-01  -3.0836003e-01  -6.4155841e-01   1.1087727e+00
  -4.0132990e-01  -5.7276686e-01   7.1480099e-01   4.8448121e-01  -5.8792904e-01   7.5950615e-01   2.7849210e-01  -1.0695842e+00  -7.0238292e-01  -3.0847458e-01  -6.4153693e-01   1.1088029e+00
  -4.0130831e-01  -5.7276481e-01   7.1481474e-01   4.8449187e-01  -5.8797094e-01   7.5948481e-01   2.7846176e-01  -1.0695974e+00  -7.0236016e-01  -3.0853079e-01  -6.4153486e-01   1.1088198e+00
  -4.0128498e-01  -5.7276269e-01   7.1482954e-01   4.8450139e-01  -5.8801708e-01   7.5946139e-01   2.7842824e-01  -1.0696135e+00  -7.0233486e-01  -3.0859244e-01  -6.4153285e-01   1.1088365e+00
  -4.0127879e-01  -5.7274723e-01   7.1484540e-01   4.8450695e-01  -5.8804719e-01   7.5945312e-01   2.7838725e-01  -1.0696303e+00  -7.0231320e-01  -3.0864146e-01  -6.4153300e-01   1.1088492e+00
  -4.0124179e-01  -5.7274227e-01   7.1487014e-01   4.8451956e-01  -5.8808725e-01   7.5943113e-01   2.7836261e-01  -1.0696434e+00  -7.0230081e-01  -3.0870479e-01  -6.4151611e-01   1.1088680e+00
  -4.0122233e-01  -5.7273428e-01   7.1488747e-01   4.8452811e-01  -5.8812385e-01   7.5941483e-01   2.7832978e-01  -1.0696578e+00  -7.0228129e-01  -3.0875974e-01  -6.4151107e-01   1.1088830e+00
  -4.0118903e-01  -5.7273584e-01   7.1490489e-01   4.8453915e-01  -5.8816481e-01   7.5939049e-01   2.7830959e-01  -1.0696690e+00  -7.0226599e-01  -3.0881663e-01  -6.4150040e-01   1.1088997e+00
  -4.0118286e-01  -5.7271579e-01   7.1492444e-01   4.8454111e-01  -5.8818565e-01   7.5938807e-01   2.7827214e-01  -1.0696870e+00  -7.0225203e-01  -3.0885980e-01  -6.4149488e-01   1.1089089e+00
  -4.0114746e-01  -5.7272802e-01   7.1493448e-01   4.8455791e-01  -5.8823994e-01   7.5935336e-01   2.7825205e-01  -1.0696947e+00  -7.0222675e-01  -3.0892241e-01  -6.4149240e-01   1.1089308e+00
  -4.0113681e-01  -5.7271531e-01   7.1495066e-01   4.8456236e-01  -5.8826464e-01   7.5934562e-01   2.7822099e-01  -1.0697119e+00  -7.0221224e-01  -3.0896500e-01  -6.4148784e-01   1.1089400e+00
  -4.0109087e-01  -5.7269526e-01   7.1499248e-01   4.8457926e-01  -5.8832944e-01   7.5931710e-01   2.7816195e-01  -1.0697377e+00  -7.0218414e-01  -3.0907239e-01  -6.4146684e-01   1.1089708e+00
  -4.0108121e-01  -5.7269322e-01   7.1499950e-01   4.8458841e-01  -5.8836777e-01   7.5929933e-01   2.7812928e-01  -1.0697501e+00  -7.0215754e-01  -3.0911974e-01  -6.4147313e-01   1.1089836e+00
  -4.0104969e-01  -5.7268231e-01   7.1502594e-01   4.8459603e-01  -5.8839951e-01   7.5928418e-01   2.7810340e-01  -1.0697645e+00  -7.0214893e-01  -3.0917711e-01  -6.4145487e-01   1.1089993e+00
  -4.0104595e-01  -5.7267961e-01   7.1503021e-01   4.8460202e-01  -5.8843319e-01   7.5926980e-01   2.7807156e-01  -1.0697769e+00  -7.0212291e-01  -3.0921750e-01  -6.4146393e-01   1.1090105e+00
  -4.0101366e-01  -5.7267454e-01   7.1505240e-01   4.8461376e-01  -5.8846854e-01   7.5925064e-01   2.7804896e-01  -1.0697879e+00  -7.0211171e-01  -3.0927387e-01  -6.4144902e-01   1.1090279e+00
  -4.0099373e-01  -5.7266812e-01   7.1506872e-01   4.8462225e-01  -5.8850600e-01   7.5923322e-01   2.7801728e-01  -1.0698017e+00  -7.0209164e-01  -3.0932856e-01  -6.4144457e-01   1.1090426e+00
  -4.0097716e-01  -5.7266867e-01   7.1507754e-01   4.8462828e-01  -5.8853534e-01   7.5921723e-01   2.7799879e-01  -1.0698124e+00  -7.0207654e-01  -3.0936672e-01  -6.4144274e-01   1.1090534e+00
  -4.0097464e-01  -5.7265395e-01   7.1509076e-01   4.8463227e-01  -5.8856088e-01   7.5921131e-01   2.7796103e-01  -1.0698273e+00  -7.0205657e-01  -3.0940862e-01  -6.4144436e-01   1.1090633e+00
  -4.0096010e-01  -5.7265179e-01   7.1510067e-01   4.8463806e-01  -5.8859517e-01   7.5919454e-01   2.7793421e-01  -1.0698401e+00  -7.0203615e-01  -3.0945376e-01  -6.4144499e-01   1.1090762e+00
  -4.0092449e-01  -5.7264234e-01   7.1512819e-01   4.8465090e-01  -5.8862490e-01   7.5917899e-01   2.7791364e-01  -1.0698500e+00  -7.0203153e-01  -3.0950937e-01  -6.4142314e-01   1.1090929e+00
  -4.0090274e-01  -5.7263382e-01   7.1514717e-01   4.8466452e-01  -5.8869034e-01   7.5914969e-01   2.7785504e-01  -1.0698747e+00  -7.0198908e-01  -3.0959685e-01  -6.4142739e-01   1.1091173e+00
  -4.0086618e-01  -5.7264385e-01   7.1515964e-01   4.8467925e-01  -5.8873561e-01   7.5911957e-01   2.7784140e-01  -1.0698818e+00  -7.0197196e-01  -3.0965224e-01  -6.4141939e-01   1.1091351e+00
  -4.0084724e-01  -5.7262137e-01   7.1518825e-01   4.8468242e-01  -5.8875229e-01   7.5911771e-01   2.7781119e-01  -1.0698987e+00  -7.0196884e-01  -3.0969836e-01  -6.4140060e-01   1.1091450e+00
  -4.0083445e-01  -5.7262468e-01   7.1519282e-01   4.8469027e-01  -5.8878951e-01   7.5909783e-01   2.7778667e-01  -1.0699088e+00  -7.0194493e-01  -3.0974105e-01  -6.4140614e-01   1.1091592e+00
  -4.0081819e-01  -5.7260819e-01   7.1521511e-01   4.8469427e-01  -5.8880820e-01   7.5909317e-01   2.7775971e-01  -1.0699219e+00  -7.0193850e-01  -3.0978285e-01  -6.4139296e-01   1.1091686e+00
  -4.0081055e-01  -5.7260910e-01   7.1521863e-01   4.8470217e-01  -5.8885152e-01   7.5907241e-01   2.7772470e-01  -1.0699369e+00  -7.0190655e-01  -3.0983208e-01  -6.4140416e-01   1.1091830e+00
  -4.0078217e-01  -5.7260776e-01   7.1523563e-01   4.8471253e-01  -5.8887823e-01   7.5905626e-01   2.7771211e-01  -1.0699433e+00  -7.0190033e-01  -3.0987407e-01  -6.4139066e-01   1.1091955e+00
  -4.0077926e-01  -5.7258882e-01   7.1525245e-01   4.8471372e-01  -5.8889449e-01   7.5905591e-01   2.7767852e-01  -1.0699588e+00  -7.0188836e-01  -3.0990988e-01  -6.4138646e-01   1.1092025e+00
  -4.0075249e-01  -5.7258328e-01   7.1527188e-01   4.8472268e-01  -5.8892665e-01   7.5903929e-01   2.7765583e-01  -1.0699690e+00  -7.0187667e-01  -3.0996088e-01  -6.4137460e-01   1.1092182e+00
  -4.0074500e-01  -5.7257852e-01   7.1527985e-01   4.8473004e-01  -5.8895504e-01   7.5902731e-01   2.7762834e-01  -1.0699794e+00  -7.0185709e-01  -3.0999897e-01  -6.4137765e-01   1.1092286e+00
  -4.0071431e-01  -5.7257222e-01   7.1530212e-01   4.8474230e-01  -5.8901184e-01   7.5899942e-01   2.7758409e-01  -1.0700015e+00  -7.0182693e-01  -3.1007897e-01  -6.4137197e-01   1.1092510e+00
  -4.0069947e-01  -5.7256635e-01   7.1531512e-01   4.8474665e-01  -5.8903949e-01   7.5898689e-01   2.7755961e-01  -1.0700144e+00  -7.0181223e-01  -3.1012034e-01  -6.4136804e-01   1.1092604e+00
  -4.0068567e-01  -5.7255921e-01   7.1532857e-01   4.8475473e-01  -5.8906902e-01   7.5897431e-01   2.7753148e-01  -1.0700243e+00  -7.0179535e-01  -3.1016446e-01  -6.4136521e-01   1.1092748e+00
  -4.0067154e-01  -5.7254872e-01   7.1534487e-01   4.8475752e-01  -5.8908495e-01   7.5896890e-01   2.7751244e-01  -1.0700359e+00  -7.0179002e-01  -3.1019703e-01  -6.4135527e-01   1.1092823e+00
  -4.0065325e-01  -5.7255003e-01   7.1535406e-01   4.8476801e-01  -5.8911959e-01   7.5894994e-01   2.7749073e-01  -1.0700441e+00  -7.0177140e-01  -3.1024096e-01  -6.4135438e-01   1.1092956e+00
  -4.0063644e-01  -5.7254581e-01   7.1536685e-01   4.8477469e-01  -5.8914894e-01   7.5893572e-01   2.7746733e-01  -1.0700548e+00  -7.0175638e-01  -3.1028353e-01  -6.4135024e-01   1.1093071e+00
  -4.0062175e-01  -5.7253581e-01   7.1538305e-01   4.8477856e-01  -5.8916806e-01   7.5892859e-01   2.7744611e-01  -1.0700663e+00  -7.0174867e-01  -3.1031932e-01  -6.4134133e-01   1.1093158e+00
  -4.0061250e-01  -5.7253925e-01   7.1538551e-01   4.8478492e-01  -5.8920042e-01   7.5891140e-01   2.7742452e-01  -1.0700751e+00  -7.0172676e-01  -3.1035517e-01  -6.4134791e-01   1.1093279e+00
  -4.0059860e-01  -5.7252164e-01   7.1540744e-01   4.8478853e-01  -5.8921700e-01   7.5890847e-01   2.7739722e-01  -1.0700884e+00  -7.0172082e-01  -3.1039471e-01  -6.4133531e-01   1.1093369e+00
  -4.0056817e-01  -5.7251147e-01   7.1543257e-01   4.8480037e-01  -5.8926895e-01   7.5888427e-01   2.7735322e-01  -1.0701089e+00  -7.0169454e-01  -3.1047276e-01  -6.4132632e-01   1.1093579e+00
  -4.0055607e-01  -5.7250628e-01   7.1544348e-01   4.8480369e-01  -5.8928924e-01   7.5887520e-01   2.7733486e-01  -1.0701203e+00  -7.0168438e-01  -3.1050446e-01  -6.4132206e-01   1.1093659e+00
  -4.0053917e-01  -5.7249490e-01   7.1546210e-01   4.8481057e-01  -5.8931346e-01   7.5886597e-01   2.7730859e-01  -1.0701313e+00  -7.0167374e-01  -3.1054793e-01  -6.4131269e-01   1.1093778e+00
  -4.0052506e-01  -5.7249775e-01   7.1546767e-01   4.8481784e-01  -5.8934192e-01   7.5884987e-01   2.7729223e-01  -1.0701379e+00  -7.0165788e-01  -3.1058201e-01  -6.4131350e-01   1.1093885e+00
  -4.0051099e-01  -5.7248649e-01   7.1548456e-01   4.8482144e-01  -5.8936143e-01   7.5884316e-01   2.7726905e-01  -1.0701503e+00  -7.0164949e-01  -3.1061915e-01  -6.4130469e-01   1.1093972e+00
  -4.0049811e-01  -5.7249110e-01   7.1548808e-01   4.8482970e-01  -5.8939529e-01   7.5882416e-01   2.7724905e-01  -1.0701585e+00  -7.0162842e-01  -3.1065703e-01  -6.4130938e-01   1.1094095e+00
  -4.0048259e-01  -5.7247533e-01   7.1550939e-01   4.8483355e-01  -5.8941097e-01   7.5882068e-01   2.7722530e-01  -1.0701708e+00  -7.0162414e-01  -3.1069459e-01  -6.4129595e-01   1.1094184e+00
  -4.0046478e-01  -5.7247359e-01   7.1552074e-01   4.8484039e-01  -5.8943452e-01   7.5880787e-01   2.7721029e-01  -1.0701785e+00  -7.0161454e-01  -3.1072909e-01  -6.4128970e-01   1.1094274e+00
  -4.0045573e-01  -5.7247046e-01   7.1552834e-01   4.8484509e-01  -5.8946421e-01   7.5879438e-01   2.7718410e-01  -1.0701903e+00  -7.0159473e-01  -3.1076784e-01  -6.4129262e-01   1.1094388e+00
  -4.0042505e-01  -5.7247284e-01   7.1554357e-01   4.8486187e-01  -5.8952810e-01   7.5875992e-01   2.7714260e-01  -1.0702059e+00  -7.0155856e-01  -3.1084761e-01  -6.4129352e-01   1.1094635e+00
  -4.0041324e-01  -5.7245629e-01   7.1556342e-01   4.8486527e-01  -5.8954070e-01   7.5875870e-01   2.7711909e-01  -1.0702172e+00  -7.0155469e-01  -3.1088101e-01  -6.4128155e-01   1.1094716e+00
  -4.0039980e-01  -5.7245241e-01   7.1557408e-01   4.8486794e-01  -5.8955972e-01   7.5874950e-01   2.7710391e-01  -1.0702281e+00  -7.0154643e-01  -3.1091074e-01  -6.4127618e-01   1.1094787e+00
  -4.0038774e-01  -5.7243550e-01   7.1559437e-01   4.8487044e-01  -5.8957313e-01   7.5874802e-01   2.7707941e-01  -1.0702394e+00  -7.0154203e-01  -3.1094545e-01  -6.4126416e-01   1.1094858e+00
  -4.0037356e-01  -5.7244132e-01   7.1559762e-01   4.8488136e-01  -5.8960921e-01   7.5872731e-01   2.7705924e-01  -1.0702452e+00  -7.0151974e-01  -3.1098519e-01  -6.4126924e-01   1.1095003e+00
  -4.0036164e-01  -5.7243021e-01   7.1561317e-01   4.8488368e-01  -5.8962384e-01   7.5872309e-01   2.7703969e-01  -1.0702562e+00  -7.0151428e-01  -3.1101596e-01  -6.4126027e-01   1.1095070e+00
  -4.0034269e-01  -5.7243585e-01   7.1561926e-01   4.8489067e-01  -5.8965095e-01   7.5870562e-01   2.7702976e-01  -1.0702634e+00  -7.0150228e-01  -3.1104813e-01  -6.4125779e-01   1.1095160e+00
  -4.0034103e-01  -5.7241537e-01   7.1563658e-01   4.8488974e-01  -5.8966159e-01   7.5870858e-01   2.7699917e-01  -1.0702758e+00  -7.0149432e-01  -3.1107871e-01  -6.4125174e-01   1.1095228e+00
  -4.0032214e-01  -5.7242295e-01   7.1564108e-01   4.8490257e-01  -5.8969884e-01   7.5868585e-01   2.7698197e-01  -1.0702810e+00  -7.0147377e-01  -3.1112011e-01  -6.4125409e-01   1.1095376e+00
  -4.0031149e-01  -5.7240790e-01   7.1565908e-01   4.8490173e-01  -5.8970360e-01   7.5868777e-01   2.7696672e-01  -1.0702926e+00  -7.0147590e-01  -3.1114319e-01  -6.4124058e-01   1.1095410e+00
  -4.0029528e-01  -5.7241656e-01   7.1566124e-01   4.8491124e-01  -5.8973683e-01   7.5866690e-01   2.7695314e-01  -1.0702982e+00  -7.0145721e-01  -3.1117819e-01  -6.4124410e-01   1.1095522e+00
  -4.0027769e-01  -5.7240022e-01   7.1568414e-01   4.8491830e-01  -5.8977018e-01   7.5865539e-01   2.7691361e-01  -1.0703147e+00  -7.0143921e-01  -3.1123624e-01  -6.4123560e-01   1.1095680e+00
  -4.0026204e-01  -5.7239694e-01   7.1569550e-01   4.8492377e-01  -5.8979429e-01   7.5864324e-01   2.7689548e-01  -1.0703240e+00  -7.0142786e-01  -3.1127181e-01  -6.4123072e-01   1.1095776e+00
  -4.0025280e-01  -5.7239276e-01   7.1570402e-01   4.8492857e-01  -5.8981556e-01   7.5863388e-01   2.7687589e-01  -1.0703319e+00  -7.0141522e-01  -3.1130242e-01  -6.4122972e-01   1.1095861e+00
  -4.0024095e-01  -5.7238330e-01   7.1571819e-01   4.8493120e-01  -5.8982763e-01   7.5863014e-01   2.7686036e-01  -1.0703415e+00  -7.0141178e-01  -3.1132893e-01  -6.4122052e-01   1.1095926e+00
  -4.0022927e-01  -5.7238425e-01   7.1572396e-01   4.8493822e-01  -5.8985430e-01   7.5861595e-01   2.7684253e-01  -1.0703482e+00  -7.0139606e-01  -3.1136179e-01  -6.4122186e-01   1.1096030e+00
  -4.0021388e-01  -5.7238520e-01   7.1573181e-01   4.8494611e-01  -5.8988547e-01   7.5859905e-01   2.7682232e-01  -1.0703560e+00  -7.0137865e-01  -3.1140106e-01  -6.4122180e-01   1.1096149e+00
  -4.0020107e-01  -5.7238195e-01   7.1574158e-01   4.8495244e-01  -5.8990415e-01   7.5858984e-01   2.7680781e-01  -1.0703627e+00  -7.0137026e-01  -3.1142958e-01  -6.4121714e-01   1.1096229e+00
  -4.0019422e-01  -5.7237608e-01   7.1575011e-01   4.8495529e-01  -5.8992308e-01   7.5858250e-01   2.7678745e-01  -1.0703713e+00  -7.0135819e-01  -3.1145816e-01  -6.4121640e-01   1.1096310e+00
  -4.0017864e-01  -5.7237434e-01   7.1576022e-01   4.8496118e-01  -5.8994196e-01   7.5857211e-01   2.7677575e-01  -1.0703782e+00  -7.0135122e-01  -3.1148666e-01  -6.4121022e-01   1.1096389e+00
  -4.0016934e-01  -5.7237469e-01   7.1576511e-01   4.8496517e-01  -5.8996791e-01   7.5855891e-01   2.7675676e-01  -1.0703874e+00  -7.0133468e-01  -3.1151829e-01  -6.4121295e-01   1.1096482e+00
  -4.0014288e-01  -5.7236379e-01   7.1578866e-01   4.8497574e-01  -5.9000337e-01   7.5854278e-01   2.7672523e-01  -1.0704014e+00  -7.0132001e-01  -3.1157749e-01  -6.4120024e-01   1.1096638e+00
  -4.0013600e-01  -5.7235897e-01   7.1579632e-01   4.8497710e-01  -5.9001623e-01   7.5853774e-01   2.7671159e-01  -1.0704101e+00  -7.0131304e-01  -3.1159856e-01  -6.4119757e-01   1.1096686e+00
  -4.0012909e-01  -5.7235859e-01   7.1580050e-01   4.8498209e-01  -5.9004034e-01   7.5852601e-01   2.7669245e-01  -1.0704166e+00  -7.0129677e-01  -3.1162789e-01  -6.4120114e-01   1.1096783e+00
  -4.0010000e-01  -5.7235205e-01   7.1582200e-01   4.8499101e-01  -5.9006260e-01   7.5851364e-01   2.7667887e-01  -1.0704230e+00  -7.0129464e-01  -3.1166994e-01  -6.4118306e-01   1.1096909e+00
  -4.0010836e-01  -5.7235172e-01   7.1581759e-01   4.8499086e-01  -5.9007700e-01   7.5850879e-01   2.7666137e-01  -1.0704308e+00  -7.0127774e-01  -3.1168236e-01  -6.4119544e-01   1.1096935e+00
  -4.0009561e-01  -5.7234166e-01   7.1583275e-01   4.8499553e-01  -5.9009278e-01   7.5850349e-01   2.7664233e-01  -1.0704393e+00  -7.0127173e-01  -3.1171379e-01  -6.4118677e-01   1.1097020e+00
  -4.0008581e-01  -5.7235085e-01   7.1583086e-01   4.8500210e-01  -5.9011964e-01   7.5848633e-01   2.7663207e-01  -1.0704432e+00  -7.0125466e-01  -3.1173870e-01  -6.4119332e-01   1.1097109e+00
  -4.0007136e-01  -5.7234385e-01   7.1584458e-01   4.8500851e-01  -5.9013737e-01   7.5847866e-01   2.7661527e-01  -1.0704502e+00  -7.0124804e-01  -3.1177019e-01  -6.4118526e-01   1.1097191e+00
  -4.0006896e-01  -5.7233199e-01   7.1585537e-01   4.8500724e-01  -5.9014216e-01   7.5848070e-01   2.7659946e-01  -1.0704582e+00  -7.0124539e-01  -3.1178696e-01  -6.4118001e-01   1.1097223e+00
  -4.0005823e-01  -5.7233085e-01   7.1586229e-01   4.8501119e-01  -5.9016137e-01   7.5847072e-01   2.7658572e-01  -1.0704649e+00  -7.0123531e-01  -3.1181327e-01  -6.4117823e-01   1.1097293e+00
  -4.0003894e-01  -5.7233250e-01   7.1587175e-01   4.8501712e-01  -5.9017740e-01   7.5845967e-01   2.7658196e-01  -1.0704684e+00  -7.0123289e-01  -3.1183715e-01  -6.4116931e-01   1.1097374e+00
  -4.0002910e-01  -5.7233072e-01   7.1587864e-01   4.8502592e-01  -5.9021938e-01   7.5844001e-01   2.7654629e-01  -1.0704821e+00  -7.0120311e-01  -3.1188827e-01  -6.4117699e-01   1.1097524e+00
  -4.0002410e-01  -5.7231766e-01   7.1589187e-01   4.8502547e-01  -5.9022033e-01   7.5844380e-01   2.7653393e-01  -1.0704884e+00  -7.0120517e-01  -3.1190310e-01  -6.4116751e-01   1.1097543e+00
  -4.0001409e-01  -5.7232116e-01   7.1589472e-01   4.8502958e-01  -5.9024073e-01   7.5843162e-01   2.7652373e-01  -1.0704953e+00  -7.0119371e-01  -3.1192625e-01  -6.4116874e-01   1.1097615e+00
  -3.9998683e-01  -5.7231546e-01   7.1591450e-01   4.8503819e-01  -5.9025445e-01   7.5842306e-01   2.7651798e-01  -1.0704986e+00  -7.0119775e-01  -3.1195756e-01  -6.4114918e-01   1.1097710e+00
  -3.9997971e-01  -5.7230906e-01   7.1592361e-01   4.8504119e-01  -5.9027164e-01   7.5841662e-01   2.7649885e-01  -1.0705062e+00  -7.0118733e-01  -3.1198485e-01  -6.4114727e-01   1.1097789e+00
  -3.9998596e-01  -5.7230453e-01   7.1592372e-01   4.8504102e-01  -5.9028505e-01   7.5841348e-01   2.7647880e-01  -1.0705140e+00  -7.0117247e-01  -3.1200079e-01  -6.4115574e-01   1.1097815e+00
  -3.9997853e-01  -5.7230336e-01   7.1592881e-01   4.8504367e-01  -5.9029678e-01   7.5840747e-01   2.7647038e-01  -1.0705184e+00  -7.0116680e-01  -3.1201767e-01  -6.4115373e-01   1.1097861e+00
  -3.9995686e-01  -5.7230247e-01   7.1594158e-01   4.8505064e-01  -5.9031458e-01   7.5839617e-01   2.7646336e-01  -1.0705222e+00  -7.0116414e-01  -3.1204675e-01  -6.4114245e-01   1.1097955e+00
  -3.9994764e-01  -5.7229905e-01   7.1594950e-01   4.8505440e-01  -5.9032851e-01   7.5838968e-01   2.7645138e-01  -1.0705285e+00  -7.0115773e-01  -3.1206873e-01  -6.4113883e-01   1.1098022e+00
  -3.9995245e-01  -5.7230135e-01   7.1594496e-01   4.8505412e-01  -5.9034412e-01   7.5838269e-01   2.7643721e-01  -1.0705355e+00  -7.0114181e-01  -3.1208155e-01  -6.4114995e-01   1.1098044e+00
  -3.9993979e-01  -5.7229522e-01   7.1595695e-01   4.8505953e-01  -5.9036575e-01   7.5837325e-01   2.7641694e-01  -1.0705452e+00  -7.0113086e-01  -3.1211573e-01  -6.4114535e-01   1.1098141e+00
  -3.9993208e-01  -5.7228547e-01   7.1596904e-01   4.8506329e-01  -5.9037821e-01   7.5837015e-01   2.7639883e-01  -1.0705516e+00  -7.0112476e-01  -3.1214115e-01  -6.4113962e-01   1.1098208e+00
  -3.9991185e-01  -5.7228591e-01   7.1598002e-01   4.8506682e-01  -5.9038943e-01   7.5836151e-01   2.7639859e-01  -1.0705560e+00  -7.0112686e-01  -3.1216136e-01  -6.4112750e-01   1.1098265e+00
  -3.9991669e-01  -5.7228143e-01   7.1598086e-01   4.8506942e-01  -5.9040329e-01   7.5835786e-01   2.7637890e-01  -1.0705614e+00  -7.0111240e-01  -3.1217831e-01  -6.4113501e-01   1.1098314e+00
  -3.9990819e-01  -5.7227843e-01   7.1598798e-01   4.8507249e-01  -5.9041559e-01   7.5835209e-01   2.7636848e-01  -1.0705664e+00  -7.0110690e-01  -3.1219783e-01  -6.4113151e-01   1.1098368e+00
  -3.9988862e-01  -5.7227668e-01   7.1600038e-01   4.8507865e-01  -5.9042919e-01   7.5834336e-01   2.7636342e-01  -1.0705689e+00  -7.0110660e-01  -3.1222233e-01  -6.4111993e-01   1.1098448e+00
  -3.9989660e-01  -5.7227303e-01   7.1599879e-01   4.8507724e-01  -5.9043659e-01   7.5834283e-01   2.7634901e-01  -1.0705745e+00  -7.0109581e-01  -3.1223023e-01  -6.4112787e-01   1.1098452e+00
  -3.9989196e-01  -5.7226506e-01   7.1600777e-01   4.8507658e-01  -5.9044511e-01   7.5834130e-01   2.7633498e-01  -1.0705829e+00  -7.0109129e-01  -3.1224852e-01  -6.4112391e-01   1.1098492e+00
  -3.9988271e-01  -5.7226909e-01   7.1600969e-01   4.8508287e-01  -5.9046058e-01   7.5833128e-01   2.7632946e-01  -1.0705841e+00  -7.0108354e-01  -3.1226548e-01  -6.4112413e-01   1.1098551e+00
  -3.9986414e-01  -5.7226182e-01   7.1602587e-01   4.8508643e-01  -5.9046632e-01   7.5832834e-01   2.7632524e-01  -1.0705884e+00  -7.0108929e-01  -3.1228597e-01  -6.4110787e-01   1.1098609e+00
  -3.9986116e-01  -5.7226113e-01   7.1602811e-01   4.8509138e-01  -5.9049393e-01   7.5831577e-01   2.7630065e-01  -1.0705983e+00  -7.0106771e-01  -3.1231775e-01  -6.4111596e-01   1.1098701e+00
