  -4.3427344e-01   4.9937508e-02   8.9943358e-01   4.0104594e-01  -3.6014764e-01   9.0559902e-01  -2.2416988e-01  -1.1966052e+00  -8.2569257e-01  -4.2126562e-01  -3.7527997e-01   1.1685915e+00
  -4.3424456e-01   4.9828978e-02   8.9945357e-01   4.0110329e-01  -3.6010790e-01   9.0564999e-01  -2.2402770e-01  -1.1965494e+00  -8.2572513e-01  -4.2116882e-01  -3.7531704e-01   1.1685701e+00
  -4.3421581e-01   4.9735273e-02   8.9947262e-01   4.0114966e-01  -3.6003571e-01   9.0571376e-01  -2.2388577e-01  -1.1964948e+00  -8.2577167e-01  -4.2104272e-01  -3.7535600e-01   1.1685368e+00
  -4.3417392e-01   4.9516607e-02   8.9950490e-01   4.0125957e-01  -3.5994333e-01   9.0582056e-01  -2.2360209e-01  -1.1963815e+00  -8.2583397e-01  -4.2083871e-01  -3.7544773e-01   1.1684905e+00
  -4.3414013e-01   4.9414713e-02   8.9952684e-01   4.0131496e-01  -3.5989201e-01   9.0587634e-01  -2.2345879e-01  -1.1963266e+00  -8.2587411e-01  -4.2073068e-01  -3.7548052e-01   1.1684642e+00
  -4.3412156e-01   4.9302954e-02   8.9954190e-01   4.0136948e-01  -3.5984419e-01   9.0593080e-01  -2.2331498e-01  -1.1962689e+00  -8.2590472e-01  -4.2062650e-01  -3.7552994e-01   1.1684398e+00
  -4.3408911e-01   4.9201829e-02   8.9956312e-01   4.0142490e-01  -3.5978998e-01   9.0598760e-01  -2.2317185e-01  -1.1962125e+00  -8.2594539e-01  -4.2051599e-01  -3.7556427e-01   1.1684139e+00
  -4.3404850e-01   4.9089252e-02   8.9958889e-01   4.0148350e-01  -3.5973422e-01   9.0604902e-01  -2.2301227e-01  -1.1961520e+00  -8.2599103e-01  -4.2039676e-01  -3.7559734e-01   1.1683879e+00
  -4.3402572e-01   4.8982664e-02   8.9960568e-01   4.0153767e-01  -3.5968097e-01   9.0610539e-01  -2.2286903e-01  -1.1960938e+00  -8.2602622e-01  -4.2028763e-01  -3.7564214e-01   1.1683629e+00
  -4.3399678e-01   4.8873829e-02   8.9962556e-01   4.0159331e-01  -3.5962414e-01   9.0616490e-01  -2.2271875e-01  -1.1960357e+00  -8.2606613e-01  -4.2017200e-01  -3.7568367e-01   1.1683361e+00
  -4.3397034e-01   4.8766007e-02   8.9964419e-01   4.0164736e-01  -3.5956522e-01   9.0622491e-01  -2.2256978e-01  -1.1959782e+00  -8.2610568e-01  -4.2005517e-01  -3.7572738e-01   1.1683067e+00
  -4.3391939e-01   4.8564142e-02   8.9967965e-01   4.0175134e-01  -3.5943126e-01   9.0634931e-01  -2.2227941e-01  -1.1958611e+00  -8.2619074e-01  -4.1981007e-01  -3.7581427e-01   1.1682447e+00
  -4.3388657e-01   4.8451975e-02   8.9970154e-01   4.0180864e-01  -3.5938006e-01   9.0640709e-01  -2.2212633e-01  -1.1958020e+00  -8.2623020e-01  -4.1969816e-01  -3.7585242e-01   1.1682183e+00
  -4.3385822e-01   4.8346136e-02   8.9972089e-01   4.0186471e-01  -3.5932799e-01   9.0646323e-01  -2.2198150e-01  -1.1957431e+00  -8.2626781e-01  -4.1958911e-01  -3.7589163e-01   1.1681936e+00
  -4.3384295e-01   4.8228594e-02   8.9973458e-01   4.0191746e-01  -3.5927697e-01   9.0652004e-01  -2.2183204e-01  -1.1956857e+00  -8.2629801e-01  -4.1947990e-01  -3.7594712e-01   1.1681666e+00
  -4.3381609e-01   4.8126447e-02   8.9975300e-01   4.0197008e-01  -3.5920964e-01   9.0658277e-01  -2.2168477e-01  -1.1956271e+00  -8.2634131e-01  -4.1935614e-01  -3.7598992e-01   1.1681363e+00
  -4.3379258e-01   4.8009235e-02   8.9977059e-01   4.0202738e-01  -3.5915668e-01   9.0664142e-01  -2.2153055e-01  -1.1955657e+00  -8.2637672e-01  -4.1924266e-01  -3.7603872e-01   1.1681100e+00
  -4.3375173e-01   4.7901847e-02   8.9979601e-01   4.0208326e-01  -3.5909426e-01   9.0670459e-01  -2.2137305e-01  -1.1955046e+00  -8.2642524e-01  -4.1911829e-01  -3.7607061e-01   1.1680819e+00
  -4.3371291e-01   4.7790543e-02   8.9982062e-01   4.0213946e-01  -3.5903189e-01   9.0676844e-01  -2.2121266e-01  -1.1954433e+00  -8.2647276e-01  -4.1899283e-01  -3.7610605e-01   1.1680534e+00
  -4.3369254e-01   4.7562945e-02   8.9984251e-01   4.0224059e-01  -3.5891682e-01   9.0688521e-01  -2.2092054e-01  -1.1953259e+00  -8.2653340e-01  -4.1876596e-01  -3.7622545e-01   1.1679960e+00
  -4.3368337e-01   4.7455874e-02   8.9985257e-01   4.0228921e-01  -3.5885934e-01   9.0694178e-01  -2.2078177e-01  -1.1952701e+00  -8.2656321e-01  -4.1865564e-01  -3.7628281e-01   1.1679672e+00
  -4.3365704e-01   4.7336173e-02   8.9987159e-01   4.0234530e-01  -3.5882061e-01   9.0699401e-01  -2.2063004e-01  -1.1952126e+00  -8.2659379e-01  -4.1855602e-01  -3.7632633e-01   1.1679468e+00
  -4.3363459e-01   4.7239263e-02   8.9988751e-01   4.0239056e-01  -3.5874933e-01   9.0705663e-01  -2.2048845e-01  -1.1951568e+00  -8.2663655e-01  -4.1843121e-01  -3.7637129e-01   1.1679151e+00
  -4.3361380e-01   4.7127807e-02   8.9990338e-01   4.0244543e-01  -3.5870242e-01   9.0711025e-01  -2.2034412e-01  -1.1950978e+00  -8.2666780e-01  -4.1832754e-01  -3.7641783e-01   1.1678918e+00
  -4.3361348e-01   4.7018940e-02   8.9990920e-01   4.0249007e-01  -3.5864102e-01   9.0716802e-01  -2.2020628e-01  -1.1950424e+00  -8.2669458e-01  -4.1821457e-01  -3.7648455e-01   1.1678614e+00
  -4.3359010e-01   4.6909001e-02   8.9992620e-01   4.0254217e-01  -3.5858735e-01   9.0722496e-01  -2.2005907e-01  -1.1949846e+00  -8.2673016e-01  -4.1810338e-01  -3.7652994e-01   1.1678349e+00
  -4.3356754e-01   4.6792468e-02   8.9994313e-01   4.0259556e-01  -3.5853562e-01   9.0728238e-01  -2.1990655e-01  -1.1949257e+00  -8.2676440e-01  -4.1799182e-01  -3.7657860e-01   1.1678092e+00
  -4.3354629e-01   4.6688502e-02   8.9995878e-01   4.0264452e-01  -3.5847379e-01   9.0734167e-01  -2.1976274e-01  -1.1948677e+00  -8.2680240e-01  -4.1787472e-01  -3.7662522e-01   1.1677809e+00
  -4.3353036e-01   4.6567880e-02   8.9997271e-01   4.0269606e-01  -3.5840711e-01   9.0740674e-01  -2.1960264e-01  -1.1948055e+00  -8.2683962e-01  -4.1774681e-01  -3.7668534e-01   1.1677496e+00
  -4.3350105e-01   4.6352618e-02   8.9999792e-01   4.0279646e-01  -3.5826617e-01   9.0753407e-01  -2.1930643e-01  -1.1946826e+00  -8.2691611e-01  -4.1749417e-01  -3.7679757e-01   1.1676841e+00
  -4.3348868e-01   4.6235877e-02   9.0000986e-01   4.0284693e-01  -3.5819387e-01   9.0760047e-01  -2.1914947e-01  -1.1946189e+00  -8.2695390e-01  -4.1736264e-01  -3.7686033e-01   1.1676503e+00
  -4.3347167e-01   4.6116606e-02   9.0002419e-01   4.0289898e-01  -3.5812971e-01   9.0766398e-01  -2.1899130e-01  -1.1945560e+00  -8.2699058e-01  -4.1723773e-01  -3.7691809e-01   1.1676200e+00
  -4.3346608e-01   4.6013584e-02   9.0003216e-01   4.0294413e-01  -3.5805142e-01   9.0772921e-01  -2.1884888e-01  -1.1944957e+00  -8.2702737e-01  -4.1710719e-01  -3.7698179e-01   1.1675845e+00
  -4.3344275e-01   4.5876899e-02   9.0005039e-01   4.0300226e-01  -3.5799924e-01   9.0779163e-01  -2.1867535e-01  -1.1944304e+00  -8.2706223e-01  -4.1698643e-01  -3.7703897e-01   1.1675576e+00
  -4.3342595e-01   4.5784931e-02   9.0006317e-01   4.0304967e-01  -3.5792551e-01   9.0785316e-01  -2.1854045e-01  -1.1943708e+00  -8.2710293e-01  -4.1686249e-01  -3.7708672e-01   1.1675268e+00
  -4.3341706e-01   4.5659810e-02   9.0007380e-01   4.0310153e-01  -3.5786532e-01   9.0791498e-01  -2.1838226e-01  -1.1943095e+00  -8.2713365e-01  -4.1674162e-01  -3.7715294e-01   1.1674956e+00
  -4.3339612e-01   4.5551041e-02   9.0008942e-01   4.0315362e-01  -3.5779685e-01   9.0797841e-01  -2.1823068e-01  -1.1942471e+00  -8.2717423e-01  -4.1661532e-01  -3.7720346e-01   1.1674650e+00
  -4.3335502e-01   4.5324357e-02   9.0012064e-01   4.0325525e-01  -3.5768114e-01   9.0809662e-01  -2.1792837e-01  -1.1941282e+00  -8.2724580e-01  -4.1638238e-01  -3.7730373e-01   1.1674099e+00
  -4.3334500e-01   4.5202863e-02   9.0013157e-01   4.0330648e-01  -3.5761549e-01   9.0816025e-01  -2.1777077e-01  -1.1940654e+00  -8.2727941e-01  -4.1625671e-01  -3.7736866e-01   1.1673779e+00
  -4.3333009e-01   4.5095386e-02   9.0014412e-01   4.0335829e-01  -3.5755252e-01   9.0821974e-01  -2.1762601e-01  -1.1940045e+00  -8.2731451e-01  -4.1613852e-01  -3.7742215e-01   1.1673494e+00
  -4.3332242e-01   4.4974552e-02   9.0015383e-01   4.0340988e-01  -3.5748724e-01   9.0828273e-01  -2.1747044e-01  -1.1939401e+00  -8.2734666e-01  -4.1601422e-01  -3.7748859e-01   1.1673190e+00
  -4.3330545e-01   4.4864318e-02   9.0016753e-01   4.0345908e-01  -3.5742348e-01   9.0834344e-01  -2.1732148e-01  -1.1938797e+00  -8.2738315e-01  -4.1589344e-01  -3.7754176e-01   1.1672899e+00
  -4.3328605e-01   4.4743899e-02   9.0018286e-01   4.0351087e-01  -3.5736133e-01   9.0840613e-01  -2.1716176e-01  -1.1938174e+00  -8.2742016e-01  -4.1576957e-01  -3.7759711e-01   1.1672600e+00
  -4.3329060e-01   4.4625273e-02   9.0018656e-01   4.0356213e-01  -3.5730152e-01   9.0846421e-01  -2.1701709e-01  -1.1937549e+00  -8.2744359e-01  -4.1565535e-01  -3.7767150e-01   1.1672328e+00
  -4.3327596e-01   4.4500425e-02   9.0019980e-01   4.0361782e-01  -3.5724278e-01   9.0852557e-01  -2.1685684e-01  -1.1936889e+00  -8.2747664e-01  -4.1553458e-01  -3.7773199e-01   1.1672044e+00
  -4.3327410e-01   4.4387772e-02   9.0020625e-01   4.0366377e-01  -3.5716347e-01   9.0859272e-01  -2.1670599e-01  -1.1936259e+00  -8.2751183e-01  -4.1539973e-01  -3.7780317e-01   1.1671678e+00
  -4.3324400e-01   4.4163094e-02   9.0023182e-01   4.0376400e-01  -3.5701862e-01   9.0872310e-01  -2.1639782e-01  -1.1934974e+00  -8.2759009e-01  -4.1513845e-01  -3.7791892e-01   1.1671031e+00
  -4.3323074e-01   4.4045544e-02   9.0024393e-01   4.0381431e-01  -3.5694325e-01   9.0879072e-01  -2.1623805e-01  -1.1934327e+00  -8.2762950e-01  -4.1500285e-01  -3.7798149e-01   1.1670690e+00
  -4.3322736e-01   4.3932529e-02   9.0025105e-01   4.0386089e-01  -3.5685509e-01   9.0886247e-01  -2.1608197e-01  -1.1933659e+00  -8.2766931e-01  -4.1485768e-01  -3.7805370e-01   1.1670293e+00
  -4.3322690e-01   4.3812421e-02   9.0025714e-01   4.0391123e-01  -3.5678567e-01   9.0892615e-01  -2.1592875e-01  -1.1933009e+00  -8.2769947e-01  -4.1473090e-01  -3.7812675e-01   1.1669970e+00
  -4.3322221e-01   4.3684339e-02   9.0026562e-01   4.0396348e-01  -3.5671186e-01   9.0899439e-01  -2.1576333e-01  -1.1932331e+00  -8.2773377e-01  -4.1459478e-01  -3.7820097e-01   1.1669623e+00
  -4.3320881e-01   4.3573831e-02   9.0027741e-01   4.0401135e-01  -3.5662777e-01   9.0906460e-01  -2.1560657e-01  -1.1931676e+00  -8.2777697e-01  -4.1445251e-01  -3.7826230e-01   1.1669261e+00
  -4.3320058e-01   4.3443369e-02   9.0028769e-01   4.0406352e-01  -3.5654951e-01   9.0913602e-01  -2.1543490e-01  -1.1930987e+00  -8.2781503e-01  -4.1430958e-01  -3.7833568e-01   1.1668891e+00
  -4.3319036e-01   4.3328938e-02   9.0029810e-01   4.0411551e-01  -3.5647919e-01   9.0919977e-01  -2.1528205e-01  -1.1930336e+00  -8.2785065e-01  -4.1418155e-01  -3.7839789e-01   1.1668591e+00
  -4.3319612e-01   4.3203156e-02   9.0030140e-01   4.0416388e-01  -3.5641103e-01   9.0926326e-01  -2.1512678e-01  -1.1929687e+00  -8.2787695e-01  -4.1405536e-01  -3.7847840e-01   1.1668252e+00
  -4.3316603e-01   4.2968594e-02   9.0032707e-01   4.0426226e-01  -3.5625233e-01   9.0940218e-01  -2.1480212e-01  -1.1928378e+00  -8.2796102e-01  -4.1377452e-01  -3.7860167e-01   1.1667528e+00
  -4.3315802e-01   4.2858488e-02   9.0033618e-01   4.0431038e-01  -3.5617628e-01   9.0946743e-01  -2.1465203e-01  -1.1927725e+00  -8.2799797e-01  -4.1364258e-01  -3.7866503e-01   1.1667194e+00
  -4.3314687e-01   4.2733832e-02   9.0034747e-01   4.0436193e-01  -3.5611884e-01   9.0952711e-01  -2.1449424e-01  -1.1927098e+00  -8.2802846e-01  -4.1352416e-01  -3.7872765e-01   1.1666916e+00
  -4.3312634e-01   4.2624634e-02   9.0036253e-01   4.0440808e-01  -3.5603546e-01   9.0959723e-01  -2.1433541e-01  -1.1926460e+00  -8.2807508e-01  -4.1338126e-01  -3.7878173e-01   1.1666540e+00
  -4.3312197e-01   4.2503620e-02   9.0037038e-01   4.0445809e-01  -3.5596753e-01   9.0966041e-01  -2.1417989e-01  -1.1925819e+00  -8.2810652e-01  -4.1325459e-01  -3.7885112e-01   1.1666219e+00
  -4.3311431e-01   4.2386358e-02   9.0037956e-01   4.0450880e-01  -3.5589310e-01   9.0972634e-01  -2.1402351e-01  -1.1925148e+00  -8.2814256e-01  -4.1312146e-01  -3.7891765e-01   1.1665903e+00
  -4.3312155e-01   4.2262982e-02   9.0038191e-01   4.0455616e-01  -3.5581170e-01   9.0979543e-01  -2.1386523e-01  -1.1924472e+00  -8.2817378e-01  -4.1298200e-01  -3.7900147e-01   1.1665535e+00
  -4.3311662e-01   4.2150155e-02   9.0038955e-01   4.0460070e-01  -3.5571548e-01   9.0987075e-01  -2.1370470e-01  -1.1923781e+00  -8.2821767e-01  -4.1282752e-01  -3.7907380e-01   1.1665125e+00
  -4.3314071e-01   4.1907488e-02   9.0038932e-01   4.0469086e-01  -3.5553253e-01   9.1001663e-01  -2.1338784e-01  -1.1922397e+00  -8.2828360e-01  -4.1253063e-01  -3.7925286e-01   1.1664292e+00
  -4.3314812e-01   4.1792007e-02   9.0039109e-01   4.0473266e-01  -3.5543457e-01   9.1009189e-01  -2.1322998e-01  -1.1921719e+00  -8.2832179e-01  -4.1237627e-01  -3.7933736e-01   1.1663857e+00
  -4.3315144e-01   4.1672926e-02   9.0039500e-01   4.0477847e-01  -3.5534008e-01   9.1016671e-01  -2.1306804e-01  -1.1921015e+00  -8.2836058e-01  -4.1222314e-01  -3.7941911e-01   1.1663452e+00
  -4.3314159e-01   4.1553420e-02   9.0040529e-01   4.0482644e-01  -3.5524897e-01   9.1024147e-01  -2.1290049e-01  -1.1920318e+00  -8.2840481e-01  -4.1207010e-01  -3.7948868e-01   1.1663050e+00
  -4.3314495e-01   4.1419144e-02   9.0040988e-01   4.0487609e-01  -3.5517297e-01   9.1031063e-01  -2.1273161e-01  -1.1919622e+00  -8.2843569e-01  -4.1193085e-01  -3.7957256e-01   1.1662686e+00
  -4.3314651e-01   4.1304217e-02   9.0041437e-01   4.0491983e-01  -3.5507520e-01   9.1038619e-01  -2.1257141e-01  -1.1918942e+00  -8.2847677e-01  -4.1177537e-01  -3.7965156e-01   1.1662258e+00
  -4.3315343e-01   4.1192228e-02   9.0041619e-01   4.0496314e-01  -3.5498820e-01   9.1045503e-01  -2.1242181e-01  -1.1918286e+00  -8.2851037e-01  -4.1163437e-01  -3.7973108e-01   1.1661873e+00
  -4.3314664e-01   4.1063388e-02   9.0042532e-01   4.0501699e-01  -3.5491634e-01   9.1052190e-01  -2.1225518e-01  -1.1917578e+00  -8.2854474e-01  -4.1149929e-01  -3.7980253e-01   1.1661547e+00
  -4.3313122e-01   4.0817758e-02   9.0044391e-01   4.0511022e-01  -3.5474121e-01   9.1066853e-01  -2.1191876e-01  -1.1916205e+00  -8.2862781e-01  -4.1119921e-01  -3.7994635e-01   1.1660770e+00
  -4.3314638e-01   4.0700800e-02   9.0044193e-01   4.0515373e-01  -3.5464667e-01   9.1074115e-01  -2.1176469e-01  -1.1915509e+00  -8.2866034e-01  -4.1104987e-01  -3.8003689e-01   1.1660357e+00
  -4.3314909e-01   4.0579591e-02   9.0044608e-01   4.0519768e-01  -3.5454881e-01   9.1081784e-01  -2.1159858e-01  -1.1914817e+00  -8.2870078e-01  -4.1089184e-01  -3.8011957e-01   1.1659913e+00
  -4.3315664e-01   4.0454993e-02   9.0044805e-01   4.0524326e-01  -3.5445739e-01   9.1089159e-01  -2.1143439e-01  -1.1914108e+00  -8.2873594e-01  -4.1074074e-01  -3.8020624e-01   1.1659509e+00
  -4.3317508e-01   4.0325633e-02   9.0044502e-01   4.0528889e-01  -3.5436277e-01   9.1096669e-01  -2.1126936e-01  -1.1913377e+00  -8.2876676e-01  -4.1058686e-01  -3.8030523e-01   1.1659076e+00
  -4.3317377e-01   4.0197593e-02   9.0045137e-01   4.0533533e-01  -3.5426574e-01   9.1104493e-01  -2.1109462e-01  -1.1912653e+00  -8.2880896e-01  -4.1042576e-01  -3.8038720e-01   1.1658643e+00
  -4.3318225e-01   4.0069449e-02   9.0045297e-01   4.0538339e-01  -3.5416992e-01   9.1112139e-01  -2.1092525e-01  -1.1911912e+00  -8.2884545e-01  -4.1026849e-01  -3.8047731e-01   1.1658230e+00
  -4.3318742e-01   3.9939703e-02   9.0045621e-01   4.0543339e-01  -3.5408570e-01   9.1119285e-01  -2.1075788e-01  -1.1911184e+00  -8.2887873e-01  -4.1012240e-01  -3.8056229e-01   1.1657850e+00
  -4.3319065e-01   3.9819183e-02   9.0046002e-01   4.0547806e-01  -3.5399284e-01   9.1126661e-01  -2.1059492e-01  -1.1910487e+00  -8.2891671e-01  -4.0997021e-01  -3.8064359e-01   1.1657448e+00
  -4.3317152e-01   3.9558964e-02   9.0048069e-01   4.0558135e-01  -3.5383937e-01   9.1140552e-01  -2.1025148e-01  -1.1909068e+00  -8.2899224e-01  -4.0968654e-01  -3.8078447e-01   1.1656767e+00
  -4.3317202e-01   3.9423668e-02   9.0048639e-01   4.0562997e-01  -3.5375812e-01   9.1147718e-01  -2.1007748e-01  -1.1908350e+00  -8.2902666e-01  -4.0954013e-01  -3.8086707e-01   1.1656391e+00
  -4.3317466e-01   3.9294055e-02   9.0049083e-01   4.0567959e-01  -3.5366911e-01   9.1155106e-01  -2.0990669e-01  -1.1907621e+00  -8.2906321e-01  -4.0938814e-01  -3.8095078e-01   1.1655993e+00
  -4.3317797e-01   3.9175608e-02   9.0049437e-01   4.0572327e-01  -3.5356360e-01   9.1163039e-01  -2.0973992e-01  -1.1906907e+00  -8.2910652e-01  -4.0922284e-01  -3.8103414e-01   1.1655529e+00
  -4.3317873e-01   3.9047515e-02   9.0049960e-01   4.0576816e-01  -3.5346990e-01   9.1170636e-01  -2.0956759e-01  -1.1906206e+00  -8.2914606e-01  -4.0906582e-01  -3.8111674e-01   1.1655099e+00
  -4.3318128e-01   3.8915767e-02   9.0050409e-01   4.0581817e-01  -3.5337694e-01   9.1178257e-01  -2.0939272e-01  -1.1905443e+00  -8.2918437e-01  -4.0890848e-01  -3.8120223e-01   1.1654701e+00
  -4.3317924e-01   3.8781652e-02   9.0051083e-01   4.0586663e-01  -3.5327489e-01   9.1186428e-01  -2.0920898e-01  -1.1904678e+00  -8.2922891e-01  -4.0873896e-01  -3.8128712e-01   1.1654241e+00
  -4.3318701e-01   3.8642556e-02   9.0051302e-01   4.0591407e-01  -3.5316881e-01   9.1194795e-01  -2.0902321e-01  -1.1903897e+00  -8.2927007e-01  -4.0856535e-01  -3.8138370e-01   1.1653775e+00
  -4.3320718e-01   3.8389295e-02   9.0051416e-01   4.0600274e-01  -3.5295405e-01   9.1211016e-01  -2.0867800e-01  -1.1902402e+00  -8.2935094e-01  -4.0822705e-01  -3.8157004e-01   1.1652828e+00
  -4.3320117e-01   3.8255759e-02   9.0052277e-01   4.0605258e-01  -3.5286135e-01   9.1218740e-01  -2.0849707e-01  -1.1901670e+00  -8.2939350e-01  -4.0806701e-01  -3.8164865e-01   1.1652405e+00
  -4.3320248e-01   3.8111181e-02   9.0052827e-01   4.0610046e-01  -3.5277365e-01   9.1226383e-01  -2.0831090e-01  -1.1900932e+00  -8.2943018e-01  -4.0790955e-01  -3.8173734e-01   1.1651991e+00
  -4.3318743e-01   3.7984336e-02   9.0054083e-01   4.0614984e-01  -3.5268721e-01   9.1233738e-01  -2.0813514e-01  -1.1900224e+00  -8.2947474e-01  -4.0775691e-01  -3.8180351e-01   1.1651607e+00
  -4.3317558e-01   3.7851796e-02   9.0055215e-01   4.0620061e-01  -3.5260454e-01   9.1240999e-01  -2.0795692e-01  -1.1899504e+00  -8.2951608e-01  -4.0760678e-01  -3.8187404e-01   1.1651236e+00
  -4.3316803e-01   3.7724895e-02   9.0056111e-01   4.0625280e-01  -3.5252233e-01   9.1248053e-01  -2.0778669e-01  -1.1898781e+00  -8.2955500e-01  -4.0746060e-01  -3.8194549e-01   1.1650877e+00
  -4.3315649e-01   3.7599420e-02   9.0057190e-01   4.0630096e-01  -3.5242255e-01   9.1255978e-01  -2.0760789e-01  -1.1898044e+00  -8.2960339e-01  -4.0729471e-01  -3.8201731e-01   1.1650442e+00
  -4.3313195e-01   3.7463405e-02   9.0058937e-01   4.0635657e-01  -3.5233931e-01   9.1263473e-01  -2.0741951e-01  -1.1897280e+00  -8.2965161e-01  -4.0713918e-01  -3.8207844e-01   1.1650088e+00
  -4.3313084e-01   3.7333565e-02   9.0059528e-01   4.0639888e-01  -3.5223202e-01   9.1271737e-01  -2.0723796e-01  -1.1896537e+00  -8.2969772e-01  -4.0696580e-01  -3.8216295e-01   1.1649623e+00
  -4.3313452e-01   3.7058993e-02   9.0060488e-01   4.0649178e-01  -3.5201447e-01   9.1288673e-01  -2.0686130e-01  -1.1894972e+00  -8.2978810e-01  -4.0661087e-01  -3.8234449e-01   1.1648656e+00
  -4.3313914e-01   3.6917601e-02   9.0060845e-01   4.0653967e-01  -3.5190856e-01   9.1297055e-01  -2.0667147e-01  -1.1894175e+00  -8.2983060e-01  -4.0643549e-01  -3.8243871e-01   1.1648196e+00
  -4.3314413e-01   3.6776627e-02   9.0061185e-01   4.0658566e-01  -3.5179880e-01   9.1305612e-01  -2.0648041e-01  -1.1893361e+00  -8.2987456e-01  -4.0625611e-01  -3.8253390e-01   1.1647713e+00
  -4.3315479e-01   3.6633499e-02   9.0061252e-01   4.0663338e-01  -3.5169862e-01   9.1313674e-01  -2.0629441e-01  -1.1892575e+00  -8.2991144e-01  -4.0608780e-01  -3.8263259e-01   1.1647273e+00
  -4.3315412e-01   3.6491428e-02   9.0061861e-01   4.0668349e-01  -3.5160283e-01   9.1321623e-01  -2.0610584e-01  -1.1891789e+00  -8.2995241e-01  -4.0592186e-01  -3.8271982e-01   1.1646851e+00
  -4.3316962e-01   3.6360342e-02   9.0061644e-01   4.0672201e-01  -3.5149959e-01   9.1329494e-01  -2.0593301e-01  -1.1891076e+00  -8.2998799e-01  -4.0575647e-01  -3.8281795e-01   1.1646385e+00
  -4.3316940e-01   3.6225853e-02   9.0062199e-01   4.0676701e-01  -3.5140835e-01   9.1337031e-01  -2.0575445e-01  -1.1890340e+00  -8.3002678e-01  -4.0559883e-01  -3.8290101e-01   1.1645984e+00
  -4.3315504e-01   3.6080694e-02   9.0063474e-01   4.0681804e-01  -3.5132793e-01   9.1344431e-01  -2.0556298e-01  -1.1889577e+00  -8.3006832e-01  -4.0544497e-01  -3.8297383e-01   1.1645617e+00
  -4.3313761e-01   3.5805361e-02   9.0065410e-01   4.0691673e-01  -3.5116596e-01   9.1358811e-01  -2.0520037e-01  -1.1888125e+00  -8.3014594e-01  -4.0514526e-01  -3.8312277e-01   1.1644893e+00
  -4.3311124e-01   3.5680381e-02   9.0067174e-01   4.0696679e-01  -3.5106473e-01   9.1366890e-01  -2.0501380e-01  -1.1887357e+00  -8.3020251e-01  -4.0497408e-01  -3.8318113e-01   1.1644478e+00
  -4.3311169e-01   3.5541001e-02   9.0067701e-01   4.0701253e-01  -3.5096402e-01   9.1374968e-01  -2.0482616e-01  -1.1886590e+00  -8.3024484e-01  -4.0480407e-01  -3.8326907e-01   1.1644032e+00
  -4.3310502e-01   3.5402236e-02   9.0068569e-01   4.0705954e-01  -3.5086159e-01   9.1383191e-01  -2.0463475e-01  -1.1885808e+00  -8.3029165e-01  -4.0463059e-01  -3.8335085e-01   1.1643587e+00
  -4.3310590e-01   3.5254927e-02   9.0069103e-01   4.0710552e-01  -3.5075700e-01   9.1391624e-01  -2.0443747e-01  -1.1885002e+00  -8.3033534e-01  -4.0445302e-01  -3.8344359e-01   1.1643122e+00
  -4.3310691e-01   3.5120184e-02   9.0069583e-01   4.0714516e-01  -3.5063474e-01   9.1400620e-01  -2.0424474e-01  -1.1884219e+00  -8.3038649e-01  -4.0426129e-01  -3.8353499e-01   1.1642587e+00
  -4.3310249e-01   3.4972562e-02   9.0070370e-01   4.0719488e-01  -3.5052705e-01   9.1409258e-01  -2.0404300e-01  -1.1883384e+00  -8.3043424e-01  -4.0407882e-01  -3.8362386e-01   1.1642126e+00
  -4.3309903e-01   3.4825938e-02   9.0071106e-01   4.0724479e-01  -3.5042180e-01   9.1417736e-01  -2.0384388e-01  -1.1882566e+00  -8.3048045e-01  -4.0389965e-01  -3.8371252e-01   1.1641674e+00
  -4.3309832e-01   3.4536401e-02   9.0072253e-01   4.0733743e-01  -3.5022276e-01   9.1433966e-01  -2.0345766e-01  -1.1880998e+00  -8.3056478e-01  -4.0355699e-01  -3.8389049e-01   1.1640791e+00
  -4.3308552e-01   3.4381635e-02   9.0073460e-01   4.0738884e-01  -3.5013115e-01   9.1442051e-01  -2.0325188e-01  -1.1880186e+00  -8.3061007e-01  -4.0338700e-01  -3.8397113e-01   1.1640379e+00
  -4.3306106e-01   3.4251944e-02   9.0075130e-01   4.0743602e-01  -3.5002409e-01   9.1450439e-01  -2.0305868e-01  -1.1879412e+00  -8.3066793e-01  -4.0320775e-01  -3.8403420e-01   1.1639930e+00
  -4.3304318e-01   3.4097168e-02   9.0076577e-01   4.0748973e-01  -3.4993094e-01   9.1458643e-01  -2.0284963e-01  -1.1878597e+00  -8.3071655e-01  -4.0303474e-01  -3.8411069e-01   1.1639524e+00
  -4.3302722e-01   3.3967936e-02   9.0077834e-01   4.0753324e-01  -3.4982850e-01   9.1466696e-01  -2.0266320e-01  -1.1877849e+00  -8.3076800e-01  -4.0286289e-01  -3.8417971e-01   1.1639090e+00
  -4.3300428e-01   3.3821523e-02   9.0079486e-01   4.0758120e-01  -3.4972562e-01   9.1475225e-01  -2.0245568e-01  -1.1877051e+00  -8.3082323e-01  -4.0268153e-01  -3.8425037e-01   1.1638644e+00
  -4.3298107e-01   3.3683362e-02   9.0081121e-01   4.0762730e-01  -3.4962179e-01   9.1483615e-01  -2.0225588e-01  -1.1876276e+00  -8.3087906e-01  -4.0250252e-01  -3.8431720e-01   1.1638190e+00
  -4.3296041e-01   3.3536799e-02   9.0082658e-01   4.0767490e-01  -3.4951669e-01   9.1492217e-01  -2.0204827e-01  -1.1875476e+00  -8.3093401e-01  -4.0231916e-01  -3.8439036e-01   1.1637740e+00
  -4.3294265e-01   3.3397387e-02   9.0084030e-01   4.0771808e-01  -3.4940716e-01   9.1500835e-01  -2.0184726e-01  -1.1874696e+00  -8.3098931e-01  -4.0213469e-01  -3.8446377e-01   1.1637259e+00
  -4.3290447e-01   3.3101574e-02   9.0086958e-01   4.0781152e-01  -3.4918344e-01   9.1518691e-01  -2.0142449e-01  -1.1873055e+00  -8.3110324e-01  -4.0175266e-01  -3.8461689e-01   1.1636291e+00
  -4.3288748e-01   3.2938052e-02   9.0088373e-01   4.0786309e-01  -3.4908095e-01   9.1527480e-01  -2.0120261e-01  -1.1872206e+00  -8.3115517e-01  -4.0156577e-01  -3.8469992e-01   1.1635833e+00
  -4.3288276e-01   3.2796520e-02   9.0089118e-01   4.0790435e-01  -3.4896522e-01   9.1536281e-01  -2.0100288e-01  -1.1871396e+00  -8.3120621e-01  -4.0137672e-01  -3.8478682e-01   1.1635343e+00
  -4.3286436e-01   3.2638526e-02   9.0090577e-01   4.0794996e-01  -3.4884356e-01   9.1545875e-01  -2.0077701e-01  -1.1870546e+00  -8.3126689e-01  -4.0117073e-01  -3.8487064e-01   1.1634812e+00
  -4.3284753e-01   3.2498239e-02   9.0091891e-01   4.0799157e-01  -3.4872345e-01   9.1554979e-01  -2.0057058e-01  -1.1869748e+00  -8.3132604e-01  -4.0097440e-01  -3.8494745e-01   1.1634293e+00
  -4.3283102e-01   3.2340329e-02   9.0093255e-01   4.0803530e-01  -3.4861119e-01   9.1564082e-01  -2.0035003e-01  -1.1868916e+00  -8.3138170e-01  -4.0077926e-01  -3.8503044e-01   1.1633793e+00
  -4.3281915e-01   3.2189649e-02   9.0094366e-01   4.0808220e-01  -3.4850147e-01   9.1572847e-01  -2.0014024e-01  -1.1868085e+00  -8.3143390e-01  -4.0059110e-01  -3.8511355e-01   1.1633328e+00
  -4.3279545e-01   3.2045775e-02   9.0096013e-01   4.0812049e-01  -3.4837234e-01   9.1582514e-01  -1.9992263e-01  -1.1867277e+00  -8.3150031e-01  -4.0038159e-01  -3.8518802e-01   1.1632761e+00
  -4.3273770e-01   3.1738559e-02   9.0099872e-01   4.0821680e-01  -3.4816950e-01   9.1599702e-01  -1.9948808e-01  -1.1865658e+00  -8.3161533e-01  -4.0001270e-01  -3.8532298e-01   1.1631892e+00
  -4.3271881e-01   3.1570911e-02   9.0101374e-01   4.0826284e-01  -3.4807064e-01   9.1608367e-01  -1.9926256e-01  -1.1864844e+00  -8.3166659e-01  -3.9982748e-01  -3.8540460e-01   1.1631425e+00
  -4.3268871e-01   3.1429150e-02   9.0103313e-01   4.0830850e-01  -3.4795997e-01   9.1617138e-01  -1.9905242e-01  -1.1864031e+00  -8.3172851e-01  -3.9963762e-01  -3.8546779e-01   1.1630959e+00
  -4.3265890e-01   3.1267699e-02   9.0105308e-01   4.0835461e-01  -3.4784990e-01   9.1626304e-01  -1.9882270e-01  -1.1863212e+00  -8.3179003e-01  -3.9944005e-01  -3.8553980e-01   1.1630468e+00
  -4.3261649e-01   3.1106683e-02   9.0107898e-01   4.0840653e-01  -3.4773986e-01   9.1635587e-01  -1.9858724e-01  -1.1862333e+00  -8.3185814e-01  -3.9923961e-01  -3.8560053e-01   1.1630009e+00
  -4.3258554e-01   3.0951727e-02   9.0109918e-01   4.0845074e-01  -3.4761495e-01   9.1645320e-01  -1.9835664e-01  -1.1861489e+00  -8.3192647e-01  -3.9902817e-01  -3.8567201e-01   1.1629464e+00
  -4.3256441e-01   3.0800150e-02   9.0111454e-01   4.0849391e-01  -3.4748929e-01   9.1654902e-01  -1.9813389e-01  -1.1860641e+00  -8.3198992e-01  -3.9881975e-01  -3.8575062e-01   1.1628923e+00
  -4.3255259e-01   3.0623731e-02   9.0112621e-01   4.0853842e-01  -3.4736730e-01   9.1664750e-01  -1.9789213e-01  -1.1859739e+00  -8.3204699e-01  -3.9860699e-01  -3.8584745e-01   1.1628374e+00
  -4.3251716e-01   3.0467121e-02   9.0114852e-01   4.0858652e-01  -3.4724104e-01   9.1674608e-01  -1.9765699e-01  -1.1858852e+00  -8.3211815e-01  -3.9839224e-01  -3.8591583e-01   1.1627845e+00
  -4.3247681e-01   3.0147927e-02   9.0117864e-01   4.0867194e-01  -3.4698313e-01   9.1694362e-01  -1.9719300e-01  -1.1857113e+00  -8.3224666e-01  -3.9796165e-01  -3.8608291e-01   1.1626733e+00
  -4.3245905e-01   2.9991326e-02   9.0119241e-01   4.0871412e-01  -3.4685140e-01   9.1704273e-01  -1.9696388e-01  -1.1856247e+00  -8.3231080e-01  -3.9774514e-01  -3.8616773e-01   1.1626153e+00
  -4.3243171e-01   2.9830262e-02   9.0121085e-01   4.0876194e-01  -3.4673893e-01   9.1713450e-01  -1.9673447e-01  -1.1855379e+00  -8.3237188e-01  -3.9754560e-01  -3.8624154e-01   1.1625677e+00
  -4.3240617e-01   2.9674784e-02   9.0122824e-01   4.0880628e-01  -3.4661966e-01   9.1722801e-01  -1.9650851e-01  -1.1854536e+00  -8.3243480e-01  -3.9734141e-01  -3.8631604e-01   1.1625161e+00
  -4.3238424e-01   2.9523624e-02   9.0124370e-01   4.0885191e-01  -3.4650757e-01   9.1731670e-01  -1.9629200e-01  -1.1853706e+00  -8.3249286e-01  -3.9714783e-01  -3.8638999e-01   1.1624689e+00
  -4.3234826e-01   2.9365362e-02   9.0126615e-01   4.0890227e-01  -3.4639737e-01   9.1740746e-01  -1.9606229e-01  -1.1852835e+00  -8.3255741e-01  -3.9694991e-01  -3.8645430e-01   1.1624233e+00
  -4.3233561e-01   2.9209894e-02   9.0127727e-01   4.0894817e-01  -3.4629224e-01   9.1749268e-01  -1.9584911e-01  -1.1852009e+00  -8.3260771e-01  -3.9676437e-01  -3.8653649e-01   1.1623774e+00
  -4.3232016e-01   2.9059051e-02   9.0128956e-01   4.0899256e-01  -3.4617062e-01   9.1758500e-01  -1.9563157e-01  -1.1851156e+00  -8.3266632e-01  -3.9656196e-01  -3.8661796e-01   1.1623251e+00
  -4.3229687e-01   2.8758032e-02   9.0131037e-01   4.0907969e-01  -3.4590853e-01   9.1777737e-01  -1.9519207e-01  -1.1849393e+00  -8.3278732e-01  -3.9613839e-01  -3.8679147e-01   1.1622149e+00
  -4.3228937e-01   2.8603351e-02   9.0131891e-01   4.0912495e-01  -3.4578285e-01   9.1787144e-01  -1.9497255e-01  -1.1848500e+00  -8.3284342e-01  -3.9593172e-01  -3.8688237e-01   1.1621635e+00
  -4.3227816e-01   2.8456244e-02   9.0132898e-01   4.0916648e-01  -3.4563773e-01   9.1797332e-01  -1.9474988e-01  -1.1847603e+00  -8.3290946e-01  -3.9570593e-01  -3.8697109e-01   1.1621031e+00
  -4.3226355e-01   2.8303024e-02   9.0134075e-01   4.0921097e-01  -3.4551083e-01   9.1806819e-01  -1.9452781e-01  -1.1846725e+00  -8.3296969e-01  -3.9549683e-01  -3.8705526e-01   1.1620498e+00
  -4.3226817e-01   2.8149398e-02   9.0134334e-01   4.0925021e-01  -3.4538725e-01   9.1815953e-01  -1.9431615e-01  -1.1845883e+00  -8.3301850e-01  -3.9529577e-01  -3.8715555e-01   1.1619960e+00
  -4.3226148e-01   2.7999672e-02   9.0135119e-01   4.0929486e-01  -3.4525511e-01   9.1825514e-01  -1.9409895e-01  -1.1844988e+00  -8.3307678e-01  -3.9508418e-01  -3.8724614e-01   1.1619413e+00
  -4.3225210e-01   2.7844147e-02   9.0136057e-01   4.0934182e-01  -3.4512498e-01   9.1835129e-01  -1.9387546e-01  -1.1844079e+00  -8.3313559e-01  -3.9487169e-01  -3.8733637e-01   1.1618878e+00
  -4.3222844e-01   2.7689168e-02   9.0137664e-01   4.0939259e-01  -3.4500682e-01   9.1844297e-01  -1.9365123e-01  -1.1843189e+00  -8.3319673e-01  -3.9466927e-01  -3.8741106e-01   1.1618388e+00
  -4.3220794e-01   2.7398365e-02   9.0139536e-01   4.0948051e-01  -3.4474604e-01   9.1863090e-01  -1.9322374e-01  -1.1841428e+00  -8.3331533e-01  -3.9425191e-01  -3.8758096e-01   1.1617314e+00
  -4.3219747e-01   2.7243625e-02   9.0140511e-01   4.0952820e-01  -3.4461852e-01   9.1872548e-01  -1.9300162e-01  -1.1840521e+00  -8.3337355e-01  -3.9404230e-01  -3.8766896e-01   1.1616793e+00
  -4.3220663e-01   2.7092465e-02   9.0140528e-01   4.0956584e-01  -3.4448408e-01   9.1882042e-01  -1.9278942e-01  -1.1839661e+00  -8.3342437e-01  -3.9383123e-01  -3.8777413e-01   1.1616204e+00
  -4.3217642e-01   2.6949290e-02   9.0142404e-01   4.0961258e-01  -3.4434689e-01   9.1891889e-01  -1.9256511e-01  -1.1838763e+00  -8.3349670e-01  -3.9361129e-01  -3.8784199e-01   1.1615654e+00
  -4.3219097e-01   2.6792381e-02   9.0142172e-01   4.0965548e-01  -3.4422203e-01   9.1900988e-01  -1.9235404e-01  -1.1837874e+00  -8.3354073e-01  -3.9340954e-01  -3.8795202e-01   1.1615112e+00
  -4.3217912e-01   2.6640475e-02   9.0143192e-01   4.0970235e-01  -3.4409324e-01   9.1910422e-01  -1.9213353e-01  -1.1836982e+00  -8.3360003e-01  -3.9319937e-01  -3.8803765e-01   1.1614582e+00
  -4.3216657e-01   2.6486201e-02   9.0144247e-01   4.0974739e-01  -3.4397399e-01   9.1919456e-01  -1.9191468e-01  -1.1836109e+00  -8.3365581e-01  -3.9299849e-01  -3.8812143e-01   1.1614076e+00
  -4.3215342e-01   2.6330695e-02   9.0145337e-01   4.0979648e-01  -3.4384870e-01   9.1928802e-01  -1.9169144e-01  -1.1835190e+00  -8.3371427e-01  -3.9279031e-01  -3.8820650e-01   1.1613575e+00
  -4.3212835e-01   2.6023619e-02   9.0147428e-01   4.0988312e-01  -3.4358020e-01   9.1948217e-01  -1.9124120e-01  -1.1833396e+00  -8.3383795e-01  -3.9235611e-01  -3.8837994e-01   1.1612455e+00
  -4.3211855e-01   2.5865141e-02   9.0148352e-01   4.0992885e-01  -3.4344150e-01   9.1958198e-01  -1.9101020e-01  -1.1832461e+00  -8.3390020e-01  -3.9213257e-01  -3.8847206e-01   1.1611881e+00
  -4.3209881e-01   2.5696956e-02   9.0149780e-01   4.0998107e-01  -3.4331444e-01   9.1967932e-01  -1.9076998e-01  -1.1831495e+00  -8.3396273e-01  -3.9191537e-01  -3.8855700e-01   1.1611372e+00
  -4.3209267e-01   2.5525501e-02   9.0150564e-01   4.1002661e-01  -3.4318198e-01   9.1977841e-01  -1.9053038e-01  -1.1830544e+00  -8.3402045e-01  -3.9169394e-01  -3.8865639e-01   1.1610815e+00
  -4.3207569e-01   2.5370355e-02   9.0151815e-01   4.1006694e-01  -3.4305010e-01   9.1987474e-01  -1.9030252e-01  -1.1829655e+00  -8.3408345e-01  -3.9147766e-01  -3.8873904e-01   1.1610263e+00
  -4.3206006e-01   2.5205983e-02   9.0153026e-01   4.1010935e-01  -3.4291817e-01   9.1997288e-01  -1.9006582e-01  -1.1828755e+00  -8.3414577e-01  -3.9125766e-01  -3.8882674e-01   1.1609691e+00
  -4.3204178e-01   2.5038434e-02   9.0154363e-01   4.1015638e-01  -3.4279550e-01   9.2006750e-01  -1.8982890e-01  -1.1827838e+00  -8.3420568e-01  -3.9104582e-01  -3.8891135e-01   1.1609185e+00
  -4.3202391e-01   2.4866592e-02   9.0155699e-01   4.1020612e-01  -3.4268864e-01   9.2015551e-01  -1.8959512e-01  -1.1826938e+00  -8.3425886e-01  -3.9084968e-01  -3.8899443e-01   1.1608728e+00
  -4.3201114e-01   2.4714356e-02   9.0156729e-01   4.1024574e-01  -3.4255721e-01   9.2025031e-01  -1.8937235e-01  -1.1826071e+00  -8.3431944e-01  -3.9063606e-01  -3.8907907e-01   1.1608176e+00
  -4.3195754e-01   2.4373843e-02   9.0160226e-01   4.1034036e-01  -3.4233013e-01   9.2043329e-01  -1.8889327e-01  -1.1824273e+00  -8.3444037e-01  -3.9022624e-01  -3.8923098e-01   1.1607211e+00
  -4.3194324e-01   2.4209842e-02   9.0161351e-01   4.1037889e-01  -3.4219612e-01   9.2053166e-01  -1.8865647e-01  -1.1823393e+00  -8.3450276e-01  -3.9000428e-01  -3.8931967e-01   1.1606629e+00
  -4.3192292e-01   2.4041935e-02   9.0162774e-01   4.1042242e-01  -3.4206974e-01   9.2062778e-01  -1.8841639e-01  -1.1822484e+00  -8.3456508e-01  -3.8978766e-01  -3.8940299e-01   1.1606096e+00
  -4.3191389e-01   2.3848479e-02   9.0163720e-01   4.1047072e-01  -3.4195325e-01   9.2072347e-01  -1.8816017e-01  -1.1821524e+00  -8.3461749e-01  -3.8957351e-01  -3.8950495e-01   1.1605581e+00
  -4.3188502e-01   2.3686327e-02   9.0165529e-01   4.1050907e-01  -3.4180472e-01   9.2082938e-01  -1.8791153e-01  -1.1820603e+00  -8.3469326e-01  -3.8933297e-01  -3.8958312e-01   1.1604963e+00
  -4.3185454e-01   2.3515435e-02   9.0167440e-01   4.1054997e-01  -3.4166725e-01   9.2093208e-01  -1.8765827e-01  -1.1819687e+00  -8.3476534e-01  -3.8910046e-01  -3.8966095e-01   1.1604377e+00
  -4.3184297e-01   2.3335797e-02   9.0168458e-01   4.1058741e-01  -3.4152416e-01   9.2103722e-01  -1.8740248e-01  -1.1818756e+00  -8.3482986e-01  -3.8886230e-01  -3.8976042e-01   1.1603749e+00
  -4.3180616e-01   2.3164016e-02   9.0170664e-01   4.1063081e-01  -3.4139050e-01   9.2113869e-01  -1.8714709e-01  -1.1817820e+00  -8.3490359e-01  -3.8863214e-01  -3.8983210e-01   1.1603197e+00
  -4.3177813e-01   2.2977170e-02   9.0172484e-01   4.1067558e-01  -3.4126942e-01   9.2123648e-01  -1.8688635e-01  -1.1816902e+00  -8.3496757e-01  -3.8841133e-01  -3.8991510e-01   1.1602658e+00
  -4.3169670e-01   2.2626403e-02   9.0177269e-01   4.1076256e-01  -3.4102137e-01   9.2143222e-01  -1.8637347e-01  -1.1815091e+00  -8.3511098e-01  -3.8796738e-01  -3.9004992e-01   1.1601613e+00
  -4.3164612e-01   2.2448416e-02   9.0180137e-01   4.1080548e-01  -3.4088938e-01   9.2153516e-01  -1.8610593e-01  -1.1814170e+00  -8.3519104e-01  -3.8773324e-01  -3.9011138e-01   1.1601046e+00
  -4.3160775e-01   2.2275969e-02   9.0182400e-01   4.1084541e-01  -3.4075111e-01   9.2163854e-01  -1.8584690e-01  -1.1813247e+00  -8.3526730e-01  -3.8749732e-01  -3.9018248e-01   1.1600467e+00
  -4.3157612e-01   2.2096617e-02   9.0184357e-01   4.1088581e-01  -3.4060906e-01   9.2174439e-01  -1.8558225e-01  -1.1812312e+00  -8.3534160e-01  -3.8725578e-01  -3.9026327e-01   1.1599860e+00
  -4.3154994e-01   2.1924140e-02   9.0186030e-01   4.1092574e-01  -3.4046562e-01   9.2184884e-01  -1.8532654e-01  -1.1811355e+00  -8.3541358e-01  -3.8701692e-01  -3.9034610e-01   1.1599271e+00
  -4.3151483e-01   2.1743064e-02   9.0188149e-01   4.1096619e-01  -3.4031921e-01   9.2195712e-01  -1.8505644e-01  -1.1810400e+00  -8.3549132e-01  -3.8676904e-01  -3.9042533e-01   1.1598645e+00
  -4.3148316e-01   2.1562132e-02   9.0190095e-01   4.1100175e-01  -3.4017435e-01   9.2206430e-01  -1.8478877e-01  -1.1809478e+00  -8.3556670e-01  -3.8652369e-01  -3.9050703e-01   1.1598016e+00
  -4.3146655e-01   2.1377726e-02   9.0191335e-01   4.1104251e-01  -3.4005602e-01   9.2215834e-01  -1.8453707e-01  -1.1808571e+00  -8.3562344e-01  -3.8630949e-01  -3.9059756e-01   1.1597496e+00
  -4.3144149e-01   2.1182119e-02   9.0192990e-01   4.1108670e-01  -3.3993957e-01   9.2225449e-01  -1.8427081e-01  -1.1807647e+00  -8.3568375e-01  -3.8609062e-01  -3.9068494e-01   1.1596979e+00
  -4.3140159e-01   2.0815541e-02   9.0195754e-01   4.1117406e-01  -3.3968961e-01   9.2244845e-01  -1.8376019e-01  -1.1805741e+00  -8.3580597e-01  -3.8564693e-01  -3.9086159e-01   1.1595922e+00
  -4.3135595e-01   2.0645469e-02   9.0198326e-01   4.1121869e-01  -3.3955234e-01   9.2255067e-01  -1.8350052e-01  -1.1804787e+00  -8.3588533e-01  -3.8541146e-01  -3.9092420e-01   1.1595381e+00
  -4.3132283e-01   2.0465933e-02   9.0200324e-01   4.1125853e-01  -3.3941487e-01   9.2265366e-01  -1.8323699e-01  -1.1803832e+00  -8.3595822e-01  -3.8517452e-01  -3.9100184e-01   1.1594806e+00
  -4.3130155e-01   2.0295000e-02   9.0201720e-01   4.1129896e-01  -3.3927163e-01   9.2275632e-01  -1.8298511e-01  -1.1802867e+00  -8.3602736e-01  -3.8493753e-01  -3.9108741e-01   1.1594226e+00
  -4.3129468e-01   2.0130464e-02   9.0202423e-01   4.1132779e-01  -3.3909752e-01   9.2287046e-01  -1.8273208e-01  -1.1801901e+00  -8.3610154e-01  -3.8467248e-01  -3.9118961e-01   1.1593507e+00
  -4.3128028e-01   1.9957114e-02   9.0203492e-01   4.1136402e-01  -3.3894010e-01   9.2297931e-01  -1.8247428e-01  -1.1800918e+00  -8.3617283e-01  -3.8442030e-01  -3.9128519e-01   1.1592860e+00
  -4.3127054e-01   1.9786018e-02   9.0204337e-01   4.1139501e-01  -3.3878891e-01   9.2308425e-01  -1.8222387e-01  -1.1799995e+00  -8.3623906e-01  -3.8417703e-01  -3.9138243e-01   1.1592220e+00
  -4.3122524e-01   1.9420306e-02   9.0207295e-01   4.1147682e-01  -3.3852739e-01   9.2328229e-01  -1.8170591e-01  -1.1798093e+00  -8.3636832e-01  -3.8371955e-01  -3.9155501e-01   1.1591118e+00
  -4.3122072e-01   1.9247886e-02   9.0207879e-01   4.1150879e-01  -3.3838512e-01   9.2338266e-01  -1.8146068e-01  -1.1797175e+00  -8.3642826e-01  -3.8348660e-01  -3.9165523e-01   1.1590516e+00
  -4.3119435e-01   1.9049872e-02   9.0209562e-01   4.1155461e-01  -3.3826490e-01   9.2348002e-01  -1.8118931e-01  -1.1796208e+00  -8.3649048e-01  -3.8326206e-01  -3.9174216e-01   1.1589994e+00
  -4.3116445e-01   1.8872806e-02   9.0211365e-01   4.1159302e-01  -3.3811751e-01   9.2358579e-01  -1.8092499e-01  -1.1795244e+00  -8.3656543e-01  -3.8301583e-01  -3.9182281e-01   1.1589393e+00
  -4.3113416e-01   1.8688535e-02   9.0213194e-01   4.1162958e-01  -3.3797570e-01   9.2369041e-01  -1.8065572e-01  -1.1794300e+00  -8.3663834e-01  -3.8277254e-01  -3.9190491e-01   1.1588789e+00
  -4.3109145e-01   1.8510943e-02   9.0215601e-01   4.1166602e-01  -3.3783421e-01   9.2379456e-01  -1.8038759e-01  -1.1793373e+00  -8.3671755e-01  -3.8252970e-01  -3.9197300e-01   1.1588198e+00
  -4.3106315e-01   1.8319992e-02   9.0217345e-01   4.1169945e-01  -3.3769207e-01   9.2390027e-01  -1.8011221e-01  -1.1792421e+00  -8.3678949e-01  -3.8228355e-01  -3.9205952e-01   1.1587576e+00
  -4.3102457e-01   1.8138704e-02   9.0219559e-01   4.1173698e-01  -3.3754184e-01   9.2400854e-01  -1.7983810e-01  -1.1791452e+00  -8.3686996e-01  -3.8203041e-01  -3.9213444e-01   1.1586971e+00
  -4.3092810e-01   1.7749831e-02   9.0224936e-01   4.1181281e-01  -3.3727104e-01   9.2421820e-01  -1.7926784e-01  -1.1789570e+00  -8.3702882e-01  -3.8154113e-01  -3.9227178e-01   1.1585792e+00
  -4.3088640e-01   1.7558699e-02   9.0227302e-01   4.1184340e-01  -3.3712445e-01   9.2432674e-01  -1.7898388e-01  -1.1788628e+00  -8.3710934e-01  -3.8128704e-01  -3.9234704e-01   1.1585162e+00
