  -2.6860158e-01  -4.8872765e-01   8.3010028e-01   3.6389129e-01  -5.9553729e-01   7.6159379e-01   2.5569163e-01  -1.1292384e+00  -7.5713702e-01  -4.2566205e-01  -4.9560399e-01   1.0566818e+00
  -2.6846195e-01  -4.8876001e-01   8.3012638e-01   3.6386191e-01  -5.9545143e-01   7.6160789e-01   2.5584950e-01  -1.1292452e+00  -7.5725405e-01  -4.2559962e-01  -4.9547875e-01   1.0566710e+00
  -2.6839473e-01  -4.8877972e-01   8.3013652e-01   3.6384810e-01  -5.9541259e-01   7.6161202e-01   2.5592768e-01  -1.1292487e+00  -7.5730845e-01  -4.2556964e-01  -4.9542139e-01   1.0566664e+00
  -2.6833142e-01  -4.8879820e-01   8.3014612e-01   3.6383393e-01  -5.9537350e-01   7.6161730e-01   2.5600283e-01  -1.1292519e+00  -7.5736165e-01  -4.2553892e-01  -4.9536650e-01   1.0566612e+00
  -2.6827927e-01  -4.8881726e-01   8.3015174e-01   3.6381418e-01  -5.9533110e-01   7.6162623e-01   2.5607493e-01  -1.1292561e+00  -7.5741349e-01  -4.2550108e-01  -4.9531978e-01   1.0566537e+00
  -2.6821566e-01  -4.8883630e-01   8.3016111e-01   3.6379979e-01  -5.9528916e-01   7.6163290e-01   2.5615263e-01  -1.1292590e+00  -7.5746895e-01  -4.2546730e-01  -4.9526397e-01   1.0566484e+00
  -2.6814850e-01  -4.8886223e-01   8.3016755e-01   3.6378776e-01  -5.9525741e-01   7.6163109e-01   2.5623178e-01  -1.1292626e+00  -7.5751769e-01  -4.2544076e-01  -4.9521224e-01   1.0566460e+00
  -2.6808669e-01  -4.8888107e-01   8.3017637e-01   3.6377177e-01  -5.9521014e-01   7.6164110e-01   2.5631182e-01  -1.1292643e+00  -7.5757666e-01  -4.2540116e-01  -4.9515597e-01   1.0566390e+00
  -2.6802221e-01  -4.8890119e-01   8.3018535e-01   3.6375530e-01  -5.9517022e-01   7.6164611e-01   2.5638956e-01  -1.1292678e+00  -7.5763083e-01  -4.2536906e-01  -4.9510067e-01   1.0566339e+00
  -2.6794923e-01  -4.8893446e-01   8.3018930e-01   3.6374520e-01  -5.9514172e-01   7.6163920e-01   2.5647631e-01  -1.1292725e+00  -7.5767905e-01  -4.2534322e-01  -4.9504907e-01   1.0566323e+00
  -2.6788150e-01  -4.8894754e-01   8.3020347e-01   3.6372953e-01  -5.9509594e-01   7.6164908e-01   2.5655310e-01  -1.1292754e+00  -7.5773897e-01  -4.2531042e-01  -4.9498555e-01   1.0566264e+00
  -2.6779030e-01  -4.8896952e-01   8.3021992e-01   3.6372073e-01  -5.9505462e-01   7.6164968e-01   2.5664721e-01  -1.1292776e+00  -7.5780364e-01  -4.2528413e-01  -4.9490911e-01   1.0566223e+00
  -2.6765992e-01  -4.8901186e-01   8.3023709e-01   3.6368552e-01  -5.9496366e-01   7.6166503e-01   2.5681251e-01  -1.1292853e+00  -7.5792114e-01  -4.2520800e-01  -4.9479465e-01   1.0566084e+00
  -2.6756687e-01  -4.8903382e-01   8.3025413e-01   3.6367609e-01  -5.9491867e-01   7.6166726e-01   2.5690993e-01  -1.1292874e+00  -7.5798927e-01  -4.2517864e-01  -4.9471547e-01   1.0566041e+00
  -2.6749298e-01  -4.8905541e-01   8.3026521e-01   3.6366061e-01  -5.9487746e-01   7.6167088e-01   2.5699462e-01  -1.1292916e+00  -7.5804770e-01  -4.2514733e-01  -4.9465287e-01   1.0565987e+00
  -2.6741498e-01  -4.8909066e-01   8.3026959e-01   3.6365298e-01  -5.9485079e-01   7.6166138e-01   2.5708454e-01  -1.1292949e+00  -7.5809616e-01  -4.2512378e-01  -4.9459880e-01   1.0566003e+00
  -2.6734018e-01  -4.8909374e-01   8.3029181e-01   3.6363170e-01  -5.9478639e-01   7.6168356e-01   2.5716785e-01  -1.1292978e+00  -7.5817302e-01  -4.2508056e-01  -4.9451810e-01   1.0565873e+00
  -2.6726944e-01  -4.8911964e-01   8.3029934e-01   3.6361585e-01  -5.9474364e-01   7.6168719e-01   2.5725586e-01  -1.1293014e+00  -7.5823152e-01  -4.2504417e-01  -4.9445970e-01   1.0565813e+00
  -2.6719676e-01  -4.8914730e-01   8.3030644e-01   3.6360357e-01  -5.9470376e-01   7.6168840e-01   2.5734462e-01  -1.1293039e+00  -7.5828842e-01  -4.2501027e-01  -4.9440160e-01   1.0565781e+00
  -2.6712727e-01  -4.8916228e-01   8.3031998e-01   3.6358497e-01  -5.9465567e-01   7.6169859e-01   2.5742545e-01  -1.1293081e+00  -7.5835062e-01  -4.2497470e-01  -4.9433676e-01   1.0565696e+00
  -2.6706186e-01  -4.8918139e-01   8.3032979e-01   3.6357245e-01  -5.9461878e-01   7.6170199e-01   2.5750063e-01  -1.1293114e+00  -7.5840257e-01  -4.2494661e-01  -4.9428121e-01   1.0565666e+00
  -2.6700281e-01  -4.8920670e-01   8.3033384e-01   3.6355481e-01  -5.9457829e-01   7.6170657e-01   2.5758057e-01  -1.1293151e+00  -7.5845512e-01  -4.2490931e-01  -4.9423269e-01   1.0565607e+00
  -2.6694003e-01  -4.8923432e-01   8.3033776e-01   3.6354308e-01  -5.9454058e-01   7.6170820e-01   2.5766277e-01  -1.1293163e+00  -7.5850679e-01  -4.2487454e-01  -4.9418326e-01   1.0565564e+00
  -2.6684778e-01  -4.8926465e-01   8.3034957e-01   3.6350456e-01  -5.9445827e-01   7.6172885e-01   2.5779161e-01  -1.1293264e+00  -7.5860377e-01  -4.2480256e-01  -4.9409625e-01   1.0565409e+00
  -2.6678983e-01  -4.8928928e-01   8.3035367e-01   3.6349533e-01  -5.9442378e-01   7.6173048e-01   2.5786643e-01  -1.1293258e+00  -7.5865116e-01  -4.2477138e-01  -4.9405030e-01   1.0565375e+00
  -2.6675186e-01  -4.8929261e-01   8.3036385e-01   3.6347214e-01  -5.9437496e-01   7.6175014e-01   2.5792078e-01  -1.1293308e+00  -7.5870279e-01  -4.2473218e-01  -4.9400473e-01   1.0565258e+00
  -2.6671323e-01  -4.8931606e-01   8.3036247e-01   3.6345907e-01  -5.9434280e-01   7.6175412e-01   2.5798304e-01  -1.1293320e+00  -7.5874148e-01  -4.2469803e-01  -4.9397461e-01   1.0565214e+00
  -2.6667335e-01  -4.8933987e-01   8.3036126e-01   3.6344737e-01  -5.9431452e-01   7.6175563e-01   2.5804378e-01  -1.1293343e+00  -7.5877766e-01  -4.2466792e-01  -4.9394494e-01   1.0565177e+00
  -2.6662907e-01  -4.8934127e-01   8.3037464e-01   3.6342824e-01  -5.9426775e-01   7.6177369e-01   2.5809824e-01  -1.1293380e+00  -7.5882984e-01  -4.2463398e-01  -4.9389395e-01   1.0565069e+00
  -2.6660270e-01  -4.8937069e-01   8.3036579e-01   3.6341639e-01  -5.9424832e-01   7.6177083e-01   2.5815142e-01  -1.1293417e+00  -7.5885434e-01  -4.2460518e-01  -4.9388108e-01   1.0565055e+00
  -2.6658039e-01  -4.8938654e-01   8.3036359e-01   3.6339788e-01  -5.9421022e-01   7.6178335e-01   2.5820220e-01  -1.1293427e+00  -7.5889205e-01  -4.2456445e-01  -4.9385818e-01   1.0564975e+00
  -2.6654820e-01  -4.8939350e-01   8.3036983e-01   3.6338017e-01  -5.9417988e-01   7.6179254e-01   2.5824483e-01  -1.1293494e+00  -7.5892709e-01  -4.2453990e-01  -4.9382542e-01   1.0564907e+00
  -2.6650604e-01  -4.8940950e-01   8.3037395e-01   3.6336881e-01  -5.9414433e-01   7.6180011e-01   2.5830433e-01  -1.1293499e+00  -7.5896972e-01  -4.2450791e-01  -4.9378737e-01   1.0564850e+00
  -2.6645806e-01  -4.8943316e-01   8.3037537e-01   3.6333162e-01  -5.9407043e-01   7.6182572e-01   2.5839873e-01  -1.1293573e+00  -7.5904444e-01  -4.2443459e-01  -4.9373558e-01   1.0564671e+00
  -2.6642979e-01  -4.8944864e-01   8.3037534e-01   3.6331943e-01  -5.9404510e-01   7.6183014e-01   2.5844387e-01  -1.1293597e+00  -7.5907417e-01  -4.2440882e-01  -4.9371205e-01   1.0564635e+00
  -2.6640151e-01  -4.8946234e-01   8.3037635e-01   3.6330258e-01  -5.9401475e-01   7.6183794e-01   2.5849071e-01  -1.1293644e+00  -7.5910787e-01  -4.2437902e-01  -4.9368584e-01   1.0564579e+00
  -2.6636077e-01  -4.8947062e-01   8.3038453e-01   3.6328848e-01  -5.9397598e-01   7.6184996e-01   2.5854440e-01  -1.1293669e+00  -7.5915251e-01  -4.2434793e-01  -4.9364398e-01   1.0564500e+00
  -2.6632120e-01  -4.8950610e-01   8.3037632e-01   3.6328044e-01  -5.9396167e-01   7.6183998e-01   2.5860655e-01  -1.1293701e+00  -7.5917755e-01  -4.2432486e-01  -4.9362518e-01   1.0564501e+00
  -2.6630310e-01  -4.8950296e-01   8.3038396e-01   3.6325626e-01  -5.9391244e-01   7.6186536e-01   2.5864494e-01  -1.1293748e+00  -7.5922245e-01  -4.2428299e-01  -4.9359220e-01   1.0564361e+00
  -2.6626786e-01  -4.8953104e-01   8.3037868e-01   3.6324452e-01  -5.9389006e-01   7.6186298e-01   2.5870331e-01  -1.1293787e+00  -7.5925226e-01  -4.2425485e-01  -4.9357051e-01   1.0564328e+00
  -2.6624073e-01  -4.8954633e-01   8.3037840e-01   3.6322766e-01  -5.9385350e-01   7.6187388e-01   2.5875504e-01  -1.1293805e+00  -7.5929041e-01  -4.2421755e-01  -4.9354387e-01   1.0564252e+00
  -2.6619487e-01  -4.8955425e-01   8.3038842e-01   3.6321686e-01  -5.9381996e-01   7.6188220e-01   2.5880761e-01  -1.1293829e+00  -7.5933269e-01  -4.2419353e-01  -4.9349943e-01   1.0564202e+00
  -2.6618090e-01  -4.8956804e-01   8.3038477e-01   3.6319766e-01  -5.9378491e-01   7.6189505e-01   2.5885018e-01  -1.1293871e+00  -7.5936500e-01  -4.2415456e-01  -4.9348325e-01   1.0564118e+00
  -2.6612322e-01  -4.8961095e-01   8.3037795e-01   3.6317008e-01  -5.9373427e-01   7.6189989e-01   2.5895204e-01  -1.1293945e+00  -7.5942481e-01  -4.2409626e-01  -4.9344128e-01   1.0564020e+00
  -2.6611169e-01  -4.8961148e-01   8.3038130e-01   3.6314814e-01  -5.9369114e-01   7.6192183e-01   2.5898644e-01  -1.1293970e+00  -7.5946258e-01  -4.2405632e-01  -4.9341754e-01   1.0563912e+00
  -2.6609098e-01  -4.8962561e-01   8.3037963e-01   3.6313230e-01  -5.9366148e-01   7.6193035e-01   2.5902928e-01  -1.1294006e+00  -7.5949298e-01  -4.2402464e-01  -4.9339791e-01   1.0563847e+00
  -2.6607465e-01  -4.8963905e-01   8.3037693e-01   3.6311451e-01  -5.9362871e-01   7.6194164e-01   2.5907129e-01  -1.1294043e+00  -7.5952439e-01  -4.2398888e-01  -4.9338034e-01   1.0563749e+00
  -2.6604826e-01  -4.8965076e-01   8.3037848e-01   3.6310432e-01  -5.9360379e-01   7.6194727e-01   2.5911172e-01  -1.1294058e+00  -7.5955305e-01  -4.2396522e-01  -4.9335652e-01   1.0563715e+00
  -2.6604549e-01  -4.8966230e-01   8.3037261e-01   3.6308404e-01  -5.9357141e-01   7.6196127e-01   2.5914479e-01  -1.1294102e+00  -7.5957935e-01  -4.2392673e-01  -4.9334909e-01   1.0563624e+00
  -2.6604358e-01  -4.8966618e-01   8.3037089e-01   3.6306271e-01  -5.9354083e-01   7.6197680e-01   2.5916915e-01  -1.1294158e+00  -7.5960386e-01  -4.2389436e-01  -4.9333914e-01   1.0563536e+00
  -2.6602112e-01  -4.8967820e-01   8.3037103e-01   3.6304990e-01  -5.9351051e-01   7.6198603e-01   2.5921137e-01  -1.1294167e+00  -7.5963548e-01  -4.2386381e-01  -4.9331676e-01   1.0563470e+00
  -2.6600932e-01  -4.8969624e-01   8.3036416e-01   3.6303820e-01  -5.9348875e-01   7.6199051e-01   2.5924809e-01  -1.1294188e+00  -7.5965657e-01  -4.2383497e-01  -4.9330904e-01   1.0563419e+00
  -2.6602168e-01  -4.8970720e-01   8.3035375e-01   3.6301823e-01  -5.9346813e-01   7.6200074e-01   2.5926527e-01  -1.1294245e+00  -7.5966840e-01  -4.2380390e-01  -4.9331754e-01   1.0563345e+00
  -2.6601119e-01  -4.8971718e-01   8.3035122e-01   3.6300584e-01  -5.9344136e-01   7.6201073e-01   2.5929715e-01  -1.1294252e+00  -7.5969298e-01  -4.2377438e-01  -4.9330505e-01   1.0563275e+00
  -2.6601985e-01  -4.8973346e-01   8.3033884e-01   3.6297400e-01  -5.9339676e-01   7.6203200e-01   2.5933662e-01  -1.1294331e+00  -7.5972473e-01  -4.2371729e-01  -4.9330511e-01   1.0563149e+00
  -2.6603907e-01  -4.8974152e-01   8.3032794e-01   3.6295383e-01  -5.9337337e-01   7.6204587e-01   2.5934939e-01  -1.1294371e+00  -7.5973630e-01  -4.2368299e-01  -4.9331678e-01   1.0563058e+00
  -2.6604889e-01  -4.8974366e-01   8.3032351e-01   3.6293521e-01  -5.9334090e-01   7.6206505e-01   2.5936737e-01  -1.1294394e+00  -7.5975824e-01  -4.2364610e-01  -4.9331475e-01   1.0562952e+00
  -2.6604326e-01  -4.8975299e-01   8.3031979e-01   3.6292463e-01  -5.9332621e-01   7.6206936e-01   2.5938838e-01  -1.1294425e+00  -7.5977172e-01  -4.2362758e-01  -4.9330990e-01   1.0562906e+00
  -2.6606849e-01  -4.8975693e-01   8.3030940e-01   3.6290554e-01  -5.9330102e-01   7.6208655e-01   2.5939542e-01  -1.1294452e+00  -7.5978251e-01  -4.2359208e-01  -4.9332373e-01   1.0562819e+00
  -2.6610070e-01  -4.8976472e-01   8.3029449e-01   3.6288713e-01  -5.9328530e-01   7.6209852e-01   2.5939632e-01  -1.1294496e+00  -7.5978352e-01  -4.2356157e-01  -4.9334841e-01   1.0562735e+00
  -2.6611227e-01  -4.8977069e-01   8.3028725e-01   3.6287309e-01  -5.9326478e-01   7.6211007e-01   2.5940922e-01  -1.1294508e+00  -7.5979550e-01  -4.2353378e-01  -4.9335376e-01   1.0562670e+00
  -2.6612436e-01  -4.8977056e-01   8.3028345e-01   3.6285995e-01  -5.9324782e-01   7.6212167e-01   2.5941389e-01  -1.1294550e+00  -7.5980449e-01  -4.2351309e-01  -4.9335770e-01   1.0562606e+00
  -2.6615340e-01  -4.8977691e-01   8.3027039e-01   3.6284167e-01  -5.9322596e-01   7.6213696e-01   2.5941906e-01  -1.1294567e+00  -7.5981138e-01  -4.2347829e-01  -4.9337696e-01   1.0562521e+00
  -2.6617545e-01  -4.8977973e-01   8.3026171e-01   3.6282725e-01  -5.9320811e-01   7.6214982e-01   2.5942196e-01  -1.1294602e+00  -7.5981759e-01  -4.2345179e-01  -4.9339011e-01   1.0562452e+00
  -2.6619785e-01  -4.8978606e-01   8.3025076e-01   3.6281395e-01  -5.9319227e-01   7.6216058e-01   2.5942659e-01  -1.1294624e+00  -7.5982212e-01  -4.2342514e-01  -4.9340601e-01   1.0562380e+00
  -2.6625716e-01  -4.8979331e-01   8.3022744e-01   3.6278065e-01  -5.9315752e-01   7.6218804e-01   2.5942546e-01  -1.1294669e+00  -7.5982845e-01  -4.2336740e-01  -4.9344585e-01   1.0562225e+00
  -2.6629099e-01  -4.8979753e-01   8.3021410e-01   3.6276515e-01  -5.9314496e-01   7.6219957e-01   2.5942020e-01  -1.1294702e+00  -7.5982638e-01  -4.2334164e-01  -4.9347108e-01   1.0562159e+00
  -2.6632280e-01  -4.8980144e-01   8.3020164e-01   3.6275062e-01  -5.9313391e-01   7.6221006e-01   2.5941471e-01  -1.1294739e+00  -7.5982390e-01  -4.2331828e-01  -4.9349499e-01   1.0562097e+00
  -2.6634941e-01  -4.8979535e-01   8.3019663e-01   3.6273619e-01  -5.9311634e-01   7.6222637e-01   2.5940690e-01  -1.1294764e+00  -7.5982824e-01  -4.2329594e-01  -4.9350741e-01   1.0562013e+00
  -2.6641003e-01  -4.8979669e-01   8.3017641e-01   3.6271369e-01  -5.9310205e-01   7.6224448e-01   2.5938641e-01  -1.1294808e+00  -7.5981817e-01  -4.2326181e-01  -4.9355223e-01   1.0561925e+00
  -2.6644619e-01  -4.8980020e-01   8.3016278e-01   3.6270014e-01  -5.9309016e-01   7.6225632e-01   2.5937887e-01  -1.1294832e+00  -7.5981478e-01  -4.2323646e-01  -4.9357919e-01   1.0561851e+00
  -2.6649136e-01  -4.8980788e-01   8.3014369e-01   3.6268601e-01  -5.9308006e-01   7.6226737e-01   2.5936939e-01  -1.1294837e+00  -7.5980682e-01  -4.2320757e-01  -4.9361619e-01   1.0561793e+00
  -2.6652254e-01  -4.8980333e-01   8.3013642e-01   3.6267293e-01  -5.9306993e-01   7.6227988e-01   2.5935585e-01  -1.1294875e+00  -7.5980381e-01  -4.2319037e-01  -4.9363558e-01   1.0561724e+00
  -2.6658932e-01  -4.8979762e-01   8.3011832e-01   3.6264985e-01  -5.9305114e-01   7.6230374e-01   2.5932863e-01  -1.1294913e+00  -7.5979502e-01  -4.2315400e-01  -4.9368029e-01   1.0561599e+00
  -2.6663657e-01  -4.8980516e-01   8.3009871e-01   3.6263847e-01  -5.9304653e-01   7.6231216e-01   2.5931440e-01  -1.1294931e+00  -7.5978202e-01  -4.2313005e-01  -4.9372075e-01   1.0561554e+00
  -2.6668668e-01  -4.8980517e-01   8.3008257e-01   3.6262294e-01  -5.9303889e-01   7.6232516e-01   2.5929378e-01  -1.1294957e+00  -7.5977045e-01  -4.2310667e-01  -4.9375869e-01   1.0561481e+00
  -2.6672647e-01  -4.8980509e-01   8.3006985e-01   3.6261037e-01  -5.9303162e-01   7.6233613e-01   2.5927808e-01  -1.1294977e+00  -7.5976217e-01  -4.2308694e-01  -4.9378830e-01   1.0561427e+00
  -2.6679209e-01  -4.8980520e-01   8.3004872e-01   3.6258995e-01  -5.9301857e-01   7.6235478e-01   2.5925305e-01  -1.1295014e+00  -7.5974927e-01  -4.2305322e-01  -4.9383704e-01   1.0561338e+00
  -2.6689694e-01  -4.8979818e-01   8.3001913e-01   3.6255753e-01  -5.9300110e-01   7.6238492e-01   2.5920434e-01  -1.1295070e+00  -7.5972605e-01  -4.2300704e-01  -4.9391227e-01   1.0561193e+00
  -2.6694824e-01  -4.8981065e-01   8.2999526e-01   3.6254427e-01  -5.9300269e-01   7.6238911e-01   2.5918854e-01  -1.1295112e+00  -7.5970685e-01  -4.2298513e-01  -4.9396065e-01   1.0561162e+00
  -2.6700386e-01  -4.8979790e-01   8.2998493e-01   3.6252487e-01  -5.9298594e-01   7.6241208e-01   2.5915929e-01  -1.1295146e+00  -7.5970036e-01  -4.2295849e-01  -4.9399342e-01   1.0561063e+00
  -2.6705940e-01  -4.8979775e-01   8.2996710e-01   3.6250802e-01  -5.9297512e-01   7.6242778e-01   2.5913778e-01  -1.1295166e+00  -7.5968925e-01  -4.2293028e-01  -4.9403460e-01   1.0560985e+00
  -2.6709454e-01  -4.8979743e-01   8.2995601e-01   3.6249759e-01  -5.9296646e-01   7.6243882e-01   2.5912514e-01  -1.1295178e+00  -7.5968372e-01  -4.2291079e-01  -4.9405989e-01   1.0560925e+00
  -2.6715052e-01  -4.8979731e-01   8.2993807e-01   3.6248019e-01  -5.9295797e-01   7.6245332e-01   2.5910193e-01  -1.1295212e+00  -7.5967064e-01  -4.2288480e-01  -4.9410222e-01   1.0560855e+00
  -2.6720497e-01  -4.8979728e-01   8.2992054e-01   3.6246330e-01  -5.9294968e-01   7.6246738e-01   2.5907944e-01  -1.1295246e+00  -7.5965796e-01  -4.2285944e-01  -4.9414344e-01   1.0560785e+00
  -2.6724785e-01  -4.8979910e-01   8.2990565e-01   3.6244980e-01  -5.9294619e-01   7.6247623e-01   2.5906146e-01  -1.1295286e+00  -7.5964555e-01  -4.2284144e-01  -4.9417785e-01   1.0560728e+00
  -2.6730225e-01  -4.8979649e-01   8.2988968e-01   3.6243237e-01  -5.9293755e-01   7.6249132e-01   2.5903685e-01  -1.1295321e+00  -7.5963319e-01  -4.2281725e-01  -4.9421759e-01   1.0560663e+00
  -2.6735611e-01  -4.8979588e-01   8.2987269e-01   3.6241688e-01  -5.9292811e-01   7.6250610e-01   2.5901486e-01  -1.1295349e+00  -7.5962157e-01  -4.2279126e-01  -4.9425765e-01   1.0560594e+00
  -2.6740876e-01  -4.8980247e-01   8.2985187e-01   3.6240286e-01  -5.9292621e-01   7.6251424e-01   2.5899528e-01  -1.1295377e+00  -7.5960455e-01  -4.2276892e-01  -4.9430291e-01   1.0560555e+00
  -2.6747242e-01  -4.8980299e-01   8.2983103e-01   3.6238388e-01  -5.9291302e-01   7.6253246e-01   2.5897175e-01  -1.1295402e+00  -7.5959243e-01  -4.2273545e-01  -4.9435018e-01   1.0560455e+00
  -2.6757693e-01  -4.8979778e-01   8.2980041e-01   3.6234823e-01  -5.9288953e-01   7.6256530e-01   2.5892881e-01  -1.1295472e+00  -7.5957394e-01  -4.2268221e-01  -4.9442406e-01   1.0560289e+00
  -2.6761037e-01  -4.8979728e-01   8.2978992e-01   3.6233766e-01  -5.9288860e-01   7.6257180e-01   2.5891186e-01  -1.1295509e+00  -7.5956292e-01  -4.2267113e-01  -4.9445055e-01   1.0560252e+00
  -2.6767325e-01  -4.8979711e-01   8.2976977e-01   3.6231906e-01  -5.9287659e-01   7.6258947e-01   2.5888735e-01  -1.1295532e+00  -7.5955011e-01  -4.2263949e-01  -4.9449722e-01   1.0560172e+00
  -2.6773815e-01  -4.8979032e-01   8.2975281e-01   3.6229925e-01  -5.9286881e-01   7.6260716e-01   2.5885305e-01  -1.1295587e+00  -7.5953332e-01  -4.2261537e-01  -4.9454358e-01   1.0560091e+00
  -2.6779548e-01  -4.8979691e-01   8.2973041e-01   3.6228127e-01  -5.9285869e-01   7.6262072e-01   2.5883634e-01  -1.1295608e+00  -7.5952100e-01  -4.2258334e-01  -4.9458989e-01   1.0560009e+00
  -2.6784387e-01  -4.8979066e-01   8.2971847e-01   3.6226602e-01  -5.9285280e-01   7.6263430e-01   2.5880966e-01  -1.1295657e+00  -7.5950852e-01  -4.2256599e-01  -4.9462388e-01   1.0559956e+00
  -2.6789396e-01  -4.8979281e-01   8.2970102e-01   3.6225167e-01  -5.9284887e-01   7.6264455e-01   2.5878864e-01  -1.1295700e+00  -7.5949399e-01  -4.2254505e-01  -4.9466415e-01   1.0559894e+00
  -2.6795632e-01  -4.8978840e-01   8.2968354e-01   3.6223236e-01  -5.9283806e-01   7.6266275e-01   2.5875971e-01  -1.1295731e+00  -7.5948040e-01  -4.2251731e-01  -4.9470868e-01   1.0559819e+00
  -2.6801093e-01  -4.8980090e-01   8.2965851e-01   3.6221851e-01  -5.9283805e-01   7.6266831e-01   2.5874326e-01  -1.1295760e+00  -7.5946108e-01  -4.2249277e-01  -4.9475923e-01   1.0559774e+00
  -2.6805211e-01  -4.8980126e-01   8.2964494e-01   3.6220611e-01  -5.9283730e-01   7.6267578e-01   2.5872304e-01  -1.1295803e+00  -7.5944715e-01  -4.2247889e-01  -4.9479249e-01   1.0559740e+00
  -2.6811571e-01  -4.8978930e-01   8.2963152e-01   3.6218358e-01  -5.9282066e-01   7.6269975e-01   2.5869035e-01  -1.1295851e+00  -7.5943770e-01  -4.2244939e-01  -4.9483217e-01   1.0559625e+00
  -2.6816553e-01  -4.8978380e-01   8.2961866e-01   3.6216630e-01  -5.9280622e-01   7.6271815e-01   2.5866922e-01  -1.1295890e+00  -7.5943138e-01  -4.2242254e-01  -4.9486477e-01   1.0559532e+00
  -2.6826078e-01  -4.8978664e-01   8.2958612e-01   3.6213954e-01  -5.9279805e-01   7.6273835e-01   2.5862845e-01  -1.1295948e+00  -7.5940413e-01  -4.2238278e-01  -4.9494055e-01   1.0559438e+00
  -2.6831494e-01  -4.8979203e-01   8.2956546e-01   3.6212590e-01  -5.9279667e-01   7.6274681e-01   2.5860661e-01  -1.1295979e+00  -7.5938606e-01  -4.2236125e-01  -4.9498663e-01   1.0559397e+00
  -2.6837779e-01  -4.8977984e-01   8.2955236e-01   3.6210423e-01  -5.9278500e-01   7.6276803e-01   2.5857088e-01  -1.1296044e+00  -7.5937296e-01  -4.2233716e-01  -4.9502730e-01   1.0559296e+00
  -2.6841852e-01  -4.8977948e-01   8.2953935e-01   3.6209086e-01  -5.9277944e-01   7.6277830e-01   2.5855334e-01  -1.1296075e+00  -7.5936292e-01  -4.2231902e-01  -4.9505818e-01   1.0559250e+00
  -2.6846588e-01  -4.8978686e-01   8.2951967e-01   3.6207706e-01  -5.9277257e-01   7.6278799e-01   2.5854036e-01  -1.1296104e+00  -7.5935150e-01  -4.2229287e-01  -4.9509797e-01   1.0559182e+00
  -2.6853867e-01  -4.8979050e-01   8.2949394e-01   3.6205767e-01  -5.9277091e-01   7.6280043e-01   2.5850756e-01  -1.1296153e+00  -7.5932708e-01  -4.2226625e-01  -4.9515817e-01   1.0559132e+00
  -2.6859247e-01  -4.8978445e-01   8.2948015e-01   3.6204075e-01  -5.9276217e-01   7.6281648e-01   2.5848023e-01  -1.1296187e+00  -7.5931488e-01  -4.2224424e-01  -4.9519563e-01   1.0559061e+00
  -2.6864263e-01  -4.8978439e-01   8.2946389e-01   3.6202442e-01  -5.9275019e-01   7.6283186e-01   2.5846230e-01  -1.1296207e+00  -7.5930646e-01  -4.2221658e-01  -4.9523210e-01   1.0558983e+00
  -2.6869470e-01  -4.8978981e-01   8.2944386e-01   3.6200875e-01  -5.9274952e-01   7.6283958e-01   2.5844113e-01  -1.1296261e+00  -7.5928862e-01  -4.2219633e-01  -4.9527675e-01   1.0558934e+00
  -2.6875406e-01  -4.8978190e-01   8.2942929e-01   3.6199025e-01  -5.9273513e-01   7.6286031e-01   2.5841287e-01  -1.1296287e+00  -7.5927882e-01  -4.2216802e-01  -4.9531590e-01   1.0558858e+00
  -2.6880412e-01  -4.8978949e-01   8.2940858e-01   3.6197527e-01  -5.9273186e-01   7.6286845e-01   2.5839640e-01  -1.1296320e+00  -7.5926366e-01  -4.2214457e-01  -4.9535915e-01   1.0558791e+00
  -2.6885963e-01  -4.8978207e-01   8.2939498e-01   3.6195831e-01  -5.9272104e-01   7.6288640e-01   2.5836822e-01  -1.1296358e+00  -7.5925244e-01  -4.2212074e-01  -4.9539664e-01   1.0558726e+00
  -2.6891917e-01  -4.8977877e-01   8.2937760e-01   3.6193879e-01  -5.9271585e-01   7.6290060e-01   2.5833811e-01  -1.1296409e+00  -7.5923541e-01  -4.2209884e-01  -4.9544139e-01   1.0558664e+00
  -2.6902765e-01  -4.8977955e-01   8.2934202e-01   3.6190496e-01  -5.9270022e-01   7.6292782e-01   2.5829358e-01  -1.1296481e+00  -7.5920918e-01  -4.2204872e-01  -4.9552426e-01   1.0558530e+00
  -2.6906015e-01  -4.8977449e-01   8.2933443e-01   3.6189508e-01  -5.9269377e-01   7.6293863e-01   2.5827648e-01  -1.1296506e+00  -7.5920268e-01  -4.2203509e-01  -4.9554584e-01   1.0558482e+00
  -2.6911893e-01  -4.8978392e-01   8.2930980e-01   3.6187773e-01  -5.9268921e-01   7.6294839e-01   2.5825814e-01  -1.1296545e+00  -7.5918544e-01  -4.2200645e-01  -4.9559664e-01   1.0558420e+00
  -2.6917501e-01  -4.8977074e-01   8.2929938e-01   3.6185697e-01  -5.9267448e-01   7.6297039e-01   2.5822692e-01  -1.1296590e+00  -7.5917701e-01  -4.2198199e-01  -4.9563032e-01   1.0558324e+00
  -2.6922466e-01  -4.8977662e-01   8.2927977e-01   3.6184428e-01  -5.9267547e-01   7.6297663e-01   2.5820627e-01  -1.1296626e+00  -7.5915866e-01  -4.2196395e-01  -4.9567389e-01   1.0558294e+00
  -2.6927498e-01  -4.8977192e-01   8.2926623e-01   3.6182899e-01  -5.9266682e-01   7.6299160e-01   2.5818189e-01  -1.1296657e+00  -7.5914755e-01  -4.2194233e-01  -4.9570925e-01   1.0558232e+00
  -2.6933468e-01  -4.8977936e-01   8.2924240e-01   3.6181286e-01  -5.9266947e-01   7.6299813e-01   2.5815647e-01  -1.1296703e+00  -7.5912435e-01  -4.2192181e-01  -4.9576229e-01   1.0558205e+00
  -2.6938103e-01  -4.8976825e-01   8.2923393e-01   3.6179680e-01  -5.9266027e-01   7.6301475e-01   2.5812852e-01  -1.1296757e+00  -7.5911507e-01  -4.2190474e-01  -4.9579102e-01   1.0558132e+00
  -2.6945351e-01  -4.8977212e-01   8.2920812e-01   3.6177364e-01  -5.9265036e-01   7.6303156e-01   2.5810154e-01  -1.1296797e+00  -7.5909711e-01  -4.2186978e-01  -4.9584827e-01   1.0558047e+00
  -2.6951055e-01  -4.8976477e-01   8.2919389e-01   3.6175528e-01  -5.9264510e-01   7.6304665e-01   2.5806901e-01  -1.1296855e+00  -7.5908095e-01  -4.2185103e-01  -4.9588896e-01   1.0557994e+00
  -2.6956161e-01  -4.8976897e-01   8.2917481e-01   3.6173961e-01  -5.9263612e-01   7.6305917e-01   2.5805265e-01  -1.1296878e+00  -7.5906978e-01  -4.2182354e-01  -4.9592937e-01   1.0557920e+00
  -2.6961998e-01  -4.8975487e-01   8.2916419e-01   3.6172146e-01  -5.9263108e-01   7.6307646e-01   2.5801311e-01  -1.1296939e+00  -7.5905301e-01  -4.2180865e-01  -4.9596773e-01   1.0557877e+00
  -2.6966797e-01  -4.8976250e-01   8.2914406e-01   3.6170664e-01  -5.9263077e-01   7.6308255e-01   2.5799579e-01  -1.1296992e+00  -7.5903621e-01  -4.2178876e-01  -4.9601038e-01   1.0557829e+00
  -2.6978520e-01  -4.8975823e-01   8.2910845e-01   3.6167061e-01  -5.9261886e-01   7.6311073e-01   2.5793972e-01  -1.1297081e+00  -7.5900385e-01  -4.2174264e-01  -4.9609907e-01   1.0557708e+00
  -2.6984505e-01  -4.8975457e-01   8.2909114e-01   3.6165138e-01  -5.9261354e-01   7.6312519e-01   2.5790918e-01  -1.1297134e+00  -7.5898669e-01  -4.2172081e-01  -4.9614384e-01   1.0557655e+00
  -2.6991344e-01  -4.8975941e-01   8.2906604e-01   3.6163308e-01  -5.9261588e-01   7.6313420e-01   2.5787714e-01  -1.1297195e+00  -7.5896060e-01  -4.2169881e-01  -4.9620250e-01   1.0557617e+00
  -2.6996886e-01  -4.8974452e-01   8.2905675e-01   3.6161261e-01  -5.9260363e-01   7.6315519e-01   2.5784308e-01  -1.1297248e+00  -7.5895044e-01  -4.2167808e-01  -4.9623567e-01   1.0557534e+00
  -2.7002316e-01  -4.8975399e-01   8.2903349e-01   3.6159922e-01  -5.9260894e-01   7.6315872e-01   2.5782057e-01  -1.1297303e+00  -7.5892693e-01  -4.2166081e-01  -4.9628623e-01   1.0557516e+00
  -2.7007896e-01  -4.8974750e-01   8.2901912e-01   3.6157860e-01  -5.9259843e-01   7.6317621e-01   2.5779292e-01  -1.1297353e+00  -7.5891534e-01  -4.2163665e-01  -4.9632458e-01   1.0557431e+00
  -2.7013948e-01  -4.8973941e-01   8.2900422e-01   3.6155918e-01  -5.9258626e-01   7.6319593e-01   2.5776249e-01  -1.1297388e+00  -7.5890330e-01  -4.2161035e-01  -4.9636530e-01   1.0557356e+00
  -2.7019717e-01  -4.8973581e-01   8.2898753e-01   3.6154192e-01  -5.9258307e-01   7.6320880e-01   2.5773176e-01  -1.1297450e+00  -7.5888522e-01  -4.2159128e-01  -4.9640911e-01   1.0557309e+00
  -2.7025112e-01  -4.8973462e-01   8.2897063e-01   3.6152441e-01  -5.9257891e-01   7.6322078e-01   2.5770579e-01  -1.1297498e+00  -7.5886929e-01  -4.2157090e-01  -4.9645079e-01   1.0557253e+00
  -2.7029777e-01  -4.8973739e-01   8.2895379e-01   3.6151029e-01  -5.9257519e-01   7.6323005e-01   2.5768690e-01  -1.1297538e+00  -7.5885557e-01  -4.2155093e-01  -4.9648875e-01   1.0557207e+00
  -2.7037051e-01  -4.8973023e-01   8.2893432e-01   3.6148768e-01  -5.9256629e-01   7.6324977e-01   2.5764894e-01  -1.1297597e+00  -7.5883659e-01  -4.2152351e-01  -4.9654098e-01   1.0557133e+00
  -2.7045302e-01  -4.8972008e-01   8.2891341e-01   3.6146196e-01  -5.9255971e-01   7.6327084e-01   2.5760168e-01  -1.1297681e+00  -7.5881236e-01  -4.2149721e-01  -4.9660040e-01   1.0557050e+00
  -2.7052821e-01  -4.8972457e-01   8.2888621e-01   3.6143795e-01  -5.9255783e-01   7.6328344e-01   2.5756861e-01  -1.1297757e+00  -7.5878702e-01  -4.2146909e-01  -4.9666294e-01   1.0556987e+00
  -2.7058688e-01  -4.8971478e-01   8.2887283e-01   3.6141917e-01  -5.9254722e-01   7.6330253e-01   2.5753650e-01  -1.1297799e+00  -7.5877434e-01  -4.2144597e-01  -4.9670192e-01   1.0556919e+00
  -2.7064204e-01  -4.8971928e-01   8.2885215e-01   3.6140218e-01  -5.9254691e-01   7.6331083e-01   2.5751264e-01  -1.1297857e+00  -7.5875491e-01  -4.2142572e-01  -4.9674875e-01   1.0556873e+00
  -2.7067830e-01  -4.8970819e-01   8.2884688e-01   3.6139129e-01  -5.9253997e-01   7.6332436e-01   2.5748843e-01  -1.1297896e+00  -7.5874741e-01  -4.2141404e-01  -4.9677011e-01   1.0556833e+00
  -2.7075523e-01  -4.8971180e-01   8.2881960e-01   3.6136630e-01  -5.9253368e-01   7.6334004e-01   2.5745650e-01  -1.1297958e+00  -7.5872486e-01  -4.2138153e-01  -4.9683217e-01   1.0556760e+00
  -2.7081119e-01  -4.8970286e-01   8.2880663e-01   3.6134916e-01  -5.9253233e-01   7.6335319e-01   2.5742057e-01  -1.1298024e+00  -7.5870598e-01  -4.2136803e-01  -4.9687241e-01   1.0556715e+00
  -2.7086872e-01  -4.8970693e-01   8.2878542e-01   3.6133095e-01  -5.9252566e-01   7.6336557e-01   2.5739928e-01  -1.1298061e+00  -7.5869067e-01  -4.2134089e-01  -4.9691883e-01   1.0556648e+00
  -2.7094064e-01  -4.8970281e-01   8.2876433e-01   3.6130805e-01  -5.9252313e-01   7.6338064e-01   2.5736032e-01  -1.1298141e+00  -7.5866690e-01  -4.2131837e-01  -4.9697420e-01   1.0556593e+00
  -2.7098657e-01  -4.8969313e-01   8.2875505e-01   3.6129395e-01  -5.9251603e-01   7.6339549e-01   2.5733254e-01  -1.1298185e+00  -7.5865603e-01  -4.2130265e-01  -4.9700408e-01   1.0556551e+00
  -2.7104541e-01  -4.8969733e-01   8.2873330e-01   3.6127793e-01  -5.9251928e-01   7.6340256e-01   2.5730422e-01  -1.1298238e+00  -7.5863256e-01  -4.2128502e-01  -4.9705495e-01   1.0556519e+00
  -2.7110703e-01  -4.8968695e-01   8.2871929e-01   3.6125576e-01  -5.9250582e-01   7.6342386e-01   2.5727191e-01  -1.1298298e+00  -7.5862102e-01  -4.2125845e-01  -4.9709508e-01   1.0556434e+00
  -2.7117862e-01  -4.8968512e-01   8.2869700e-01   3.6123333e-01  -5.9250466e-01   7.6343744e-01   2.5723440e-01  -1.1298377e+00  -7.5859634e-01  -4.2123603e-01  -4.9715170e-01   1.0556373e+00
  -2.7121725e-01  -4.8968949e-01   8.2868170e-01   3.6122480e-01  -5.9250866e-01   7.6344051e-01   2.5721602e-01  -1.1298413e+00  -7.5857938e-01  -4.2122536e-01  -4.9718661e-01   1.0556359e+00
  -2.7134372e-01  -4.8968125e-01   8.2864518e-01   3.6118467e-01  -5.9249837e-01   7.6347058e-01   2.5715050e-01  -1.1298532e+00  -7.5854222e-01  -4.2118042e-01  -4.9728137e-01   1.0556244e+00
  -2.7139561e-01  -4.8968620e-01   8.2862528e-01   3.6116883e-01  -5.9249686e-01   7.6347882e-01   2.5712948e-01  -1.1298586e+00  -7.5852482e-01  -4.2115976e-01  -4.9732539e-01   1.0556191e+00
  -2.7146276e-01  -4.8967760e-01   8.2860834e-01   3.6114723e-01  -5.9248731e-01   7.6349833e-01   2.5709349e-01  -1.1298636e+00  -7.5850827e-01  -4.2113432e-01  -4.9737219e-01   1.0556124e+00
  -2.7152298e-01  -4.8967450e-01   8.2859049e-01   3.6112883e-01  -5.9248261e-01   7.6351227e-01   2.5706289e-01  -1.1298689e+00  -7.5849037e-01  -4.2111264e-01  -4.9741782e-01   1.0556067e+00
  -2.7158262e-01  -4.8966511e-01   8.2857645e-01   3.6110707e-01  -5.9247675e-01   7.6352872e-01   2.5702755e-01  -1.1298772e+00  -7.5847354e-01  -4.2109376e-01  -4.9745947e-01   1.0555995e+00
  -2.7162619e-01  -4.8966953e-01   8.2855956e-01   3.6109606e-01  -5.9247883e-01   7.6353374e-01   2.5700802e-01  -1.1298811e+00  -7.5845641e-01  -4.2107957e-01  -4.9749764e-01   1.0555981e+00
  -2.7168074e-01  -4.8966927e-01   8.2854186e-01   3.6107648e-01  -5.9247462e-01   7.6354551e-01   2.5698260e-01  -1.1298887e+00  -7.5844011e-01  -4.2105847e-01  -4.9754030e-01   1.0555908e+00
  -2.7174384e-01  -4.8966562e-01   8.2852328e-01   3.6105925e-01  -5.9247424e-01   7.6355771e-01   2.5694718e-01  -1.1298941e+00  -7.5841780e-01  -4.2104056e-01  -4.9758947e-01   1.0555881e+00
  -2.7180620e-01  -4.8965817e-01   8.2850723e-01   3.6103688e-01  -5.9246522e-01   7.6357579e-01   2.5691435e-01  -1.1299011e+00  -7.5840252e-01  -4.2101649e-01  -4.9763319e-01   1.0555801e+00
  -2.7185921e-01  -4.8966283e-01   8.2848708e-01   3.6102348e-01  -5.9246677e-01   7.6358260e-01   2.5689052e-01  -1.1299057e+00  -7.5838232e-01  -4.2099871e-01  -4.9767899e-01   1.0555769e+00
  -2.7193643e-01  -4.8966139e-01   8.2846261e-01   3.6099838e-01  -5.9246504e-01   7.6359728e-01   2.5685077e-01  -1.1299137e+00  -7.5835591e-01  -4.2097376e-01  -4.9774028e-01   1.0555703e+00
  -2.7199470e-01  -4.8965101e-01   8.2844961e-01   3.6098070e-01  -5.9246061e-01   7.6361303e-01   2.5681432e-01  -1.1299210e+00  -7.5833850e-01  -4.2095733e-01  -4.9778072e-01   1.0555661e+00
  -2.7205362e-01  -4.8965663e-01   8.2842697e-01   3.6096224e-01  -5.9246034e-01   7.6362157e-01   2.5678954e-01  -1.1299274e+00  -7.5831761e-01  -4.2093529e-01  -4.9783118e-01   1.0555611e+00
  -2.7211755e-01  -4.8965288e-01   8.2840817e-01   3.6094177e-01  -5.9245634e-01   7.6363596e-01   2.5675600e-01  -1.1299338e+00  -7.5829778e-01  -4.2091357e-01  -4.9787975e-01   1.0555558e+00
  -2.7223190e-01  -4.8965029e-01   8.2837214e-01   3.6090630e-01  -5.9244884e-01   7.6366055e-01   2.5670000e-01  -1.1299452e+00  -7.5826260e-01  -4.2087186e-01  -4.9796859e-01   1.0555447e+00
  -2.7229638e-01  -4.8964896e-01   8.2835172e-01   3.6088646e-01  -5.9244254e-01   7.6367556e-01   2.5666992e-01  -1.1299501e+00  -7.5824433e-01  -4.2084622e-01  -4.9801803e-01   1.0555380e+00
  -2.7235927e-01  -4.8964064e-01   8.2833596e-01   3.6086521e-01  -5.9243638e-01   7.6369236e-01   2.5663414e-01  -1.1299569e+00  -7.5822661e-01  -4.2082537e-01  -4.9806271e-01   1.0555328e+00
  -2.7240270e-01  -4.8964522e-01   8.2831895e-01   3.6085255e-01  -5.9243684e-01   7.6369819e-01   2.5661582e-01  -1.1299617e+00  -7.5821061e-01  -4.2080953e-01  -4.9810038e-01   1.0555287e+00
  -2.7247711e-01  -4.8963042e-01   8.2830328e-01   3.6082626e-01  -5.9242612e-01   7.6372149e-01   2.5657114e-01  -1.1299706e+00  -7.5819223e-01  -4.2078441e-01  -4.9814956e-01   1.0555197e+00
  -2.7252114e-01  -4.8964145e-01   8.2828223e-01   3.6081550e-01  -5.9243313e-01   7.6372174e-01   2.5655416e-01  -1.1299751e+00  -7.5817092e-01  -4.2077112e-01  -4.9819321e-01   1.0555188e+00
  -2.7259835e-01  -4.8964023e-01   8.2825756e-01   3.6079109e-01  -5.9242340e-01   7.6374080e-01   2.5651994e-01  -1.1299807e+00  -7.5815078e-01  -4.2073794e-01  -4.9825186e-01   1.0555103e+00
  -2.7265376e-01  -4.8964613e-01   8.2823580e-01   3.6077699e-01  -5.9243188e-01   7.6374380e-01   2.5649146e-01  -1.1299879e+00  -7.5812425e-01  -4.2072565e-01  -4.9830265e-01   1.0555092e+00
  -2.7270964e-01  -4.8963326e-01   8.2822503e-01   3.6075626e-01  -5.9242063e-01   7.6376363e-01   2.5645839e-01  -1.1299936e+00  -7.5811296e-01  -4.2070461e-01  -4.9833763e-01   1.0555004e+00
  -2.7277126e-01  -4.8963551e-01   8.2820345e-01   3.6073927e-01  -5.9242340e-01   7.6377199e-01   2.5642712e-01  -1.1299996e+00  -7.5808865e-01  -4.2068683e-01  -4.9838964e-01   1.0554980e+00
  -2.7283262e-01  -4.8963417e-01   8.2818401e-01   3.6071763e-01  -5.9241137e-01   7.6378961e-01   2.5640235e-01  -1.1300051e+00  -7.5807590e-01  -4.2065640e-01  -4.9843463e-01   1.0554894e+00
  -2.7289269e-01  -4.8963725e-01   8.2816241e-01   3.6070212e-01  -5.9241634e-01   7.6379623e-01   2.5637122e-01  -1.1300115e+00  -7.5805047e-01  -4.2064079e-01  -4.9848657e-01   1.0554872e+00
  -2.7301217e-01  -4.8963006e-01   8.2812729e-01   3.6066084e-01  -5.9240363e-01   7.6382603e-01   2.5631180e-01  -1.1300237e+00  -7.5801733e-01  -4.2059507e-01  -4.9857549e-01   1.0554732e+00
  -2.7307417e-01  -4.8962642e-01   8.2810898e-01   3.6064229e-01  -5.9239594e-01   7.6384204e-01   2.5628175e-01  -1.1300288e+00  -7.5800099e-01  -4.2057016e-01  -4.9862134e-01   1.0554672e+00
  -2.7313037e-01  -4.8961987e-01   8.2809430e-01   3.6062365e-01  -5.9239171e-01   7.6385612e-01   2.5624971e-01  -1.1300345e+00  -7.5798410e-01  -4.2055233e-01  -4.9866211e-01   1.0554616e+00
  -2.7319507e-01  -4.8962445e-01   8.2807023e-01   3.6060737e-01  -5.9239418e-01   7.6386438e-01   2.5621922e-01  -1.1300407e+00  -7.5795879e-01  -4.2053188e-01  -4.9871770e-01   1.0554591e+00
  -2.7325560e-01  -4.8962148e-01   8.2805207e-01   3.6058521e-01  -5.9238145e-01   7.6388276e-01   2.5619387e-01  -1.1300455e+00  -7.5794692e-01  -4.2050197e-01  -4.9876100e-01   1.0554496e+00
  -2.7331549e-01  -4.8961874e-01   8.2803388e-01   3.6056633e-01  -5.9237589e-01   7.6389697e-01   2.5616433e-01  -1.1300509e+00  -7.5792969e-01  -4.2047934e-01  -4.9880627e-01   1.0554437e+00
  -2.7335254e-01  -4.8961993e-01   8.2802097e-01   3.6055771e-01  -5.9238088e-01   7.6390020e-01   2.5614319e-01  -1.1300545e+00  -7.5791242e-01  -4.2047211e-01  -4.9883859e-01   1.0554425e+00
  -2.7341256e-01  -4.8961899e-01   8.2800174e-01   3.6053870e-01  -5.9237234e-01   7.6391556e-01   2.5611726e-01  -1.1300584e+00  -7.5789748e-01  -4.2044535e-01  -4.9888389e-01   1.0554356e+00
  -2.7346291e-01  -4.8961510e-01   8.2798735e-01   3.6052383e-01  -5.9236632e-01   7.6392871e-01   2.5609186e-01  -1.1300628e+00  -7.5788397e-01  -4.2042592e-01  -4.9892070e-01   1.0554310e+00
  -2.7352674e-01  -4.8962125e-01   8.2796266e-01   3.6050334e-01  -5.9236540e-01   7.6393832e-01   2.5606550e-01  -1.1300693e+00  -7.5786173e-01  -4.2040140e-01  -4.9897524e-01   1.0554243e+00
  -2.7358854e-01  -4.8961017e-01   8.2794879e-01   3.6048375e-01  -5.9235870e-01   7.6395604e-01   2.5602800e-01  -1.1300750e+00  -7.5784463e-01  -4.2038204e-01  -4.9901753e-01   1.0554192e+00
  -2.7368559e-01  -4.8961694e-01   8.2791274e-01   3.6045636e-01  -5.9235631e-01   7.6397187e-01   2.5598619e-01  -1.1300831e+00  -7.5781144e-01  -4.2034533e-01  -4.9909878e-01   1.0554114e+00
  -2.7375476e-01  -4.8960614e-01   8.2789623e-01   3.6043146e-01  -5.9233913e-01   7.6399665e-01   2.5595211e-01  -1.1300874e+00  -7.5779991e-01  -4.2031293e-01  -4.9914364e-01   1.0554012e+00
  -2.7382222e-01  -4.8960366e-01   8.2787535e-01   3.6040988e-01  -5.9233465e-01   7.6401145e-01   2.5591823e-01  -1.1300947e+00  -7.5777900e-01  -4.2028889e-01  -4.9919554e-01   1.0553950e+00
  -2.7388043e-01  -4.8960936e-01   8.2785276e-01   3.6039430e-01  -5.9233116e-01   7.6402161e-01   2.5589600e-01  -1.1300971e+00  -7.5776071e-01  -4.2026378e-01  -4.9924450e-01   1.0553906e+00
  -2.7393248e-01  -4.8960743e-01   8.2783668e-01   3.6037829e-01  -5.9232495e-01   7.6403457e-01   2.5587169e-01  -1.1301014e+00  -7.5774675e-01  -4.2024246e-01  -4.9928362e-01   1.0553846e+00
  -2.7399418e-01  -4.8959850e-01   8.2782155e-01   3.6035904e-01  -5.9232096e-01   7.6405015e-01   2.5583452e-01  -1.1301077e+00  -7.5772760e-01  -4.2022460e-01  -4.9932775e-01   1.0553799e+00
  -2.7404797e-01  -4.8960967e-01   8.2779709e-01   3.6034457e-01  -5.9232317e-01   7.6405469e-01   2.5581580e-01  -1.1301118e+00  -7.5770635e-01  -4.2020334e-01  -4.9937783e-01   1.0553770e+00
  -2.7410762e-01  -4.8960130e-01   8.2778236e-01   3.6032597e-01  -5.9231029e-01   7.6407461e-01   2.5578604e-01  -1.1301144e+00  -7.5769487e-01  -4.2017681e-01  -4.9941757e-01   1.0553697e+00
  -2.7416286e-01  -4.8960510e-01   8.2776178e-01   3.6030860e-01  -5.9230914e-01   7.6408358e-01   2.5576203e-01  -1.1301202e+00  -7.5767580e-01  -4.2015612e-01  -4.9946395e-01   1.0553649e+00
  -2.7422073e-01  -4.8960991e-01   8.2773976e-01   3.6029071e-01  -5.9230511e-01   7.6409422e-01   2.5573950e-01  -1.1301247e+00  -7.5765799e-01  -4.2013117e-01  -4.9951191e-01   1.0553591e+00
  -2.7427755e-01  -4.8960300e-01   8.2772505e-01   3.6027251e-01  -5.9229718e-01   7.6411050e-01   2.5570925e-01  -1.1301295e+00  -7.5764365e-01  -4.2010962e-01  -4.9955184e-01   1.0553530e+00
  -2.7439055e-01  -4.8960661e-01   8.2768548e-01   3.6024047e-01  -5.9228576e-01   7.6413502e-01   2.5566226e-01  -1.1301355e+00  -7.5761160e-01  -4.2006073e-01  -4.9964149e-01   1.0553420e+00
  -2.7443633e-01  -4.8959854e-01   8.2767508e-01   3.6022334e-01  -5.9227330e-01   7.6415227e-01   2.5563963e-01  -1.1301392e+00  -7.5760481e-01  -4.2003875e-01  -4.9967028e-01   1.0553343e+00
  -2.7449307e-01  -4.8959803e-01   8.2765654e-01   3.6020576e-01  -5.9226740e-01   7.6416544e-01   2.5561400e-01  -1.1301434e+00  -7.5758882e-01  -4.2001544e-01  -4.9971405e-01   1.0553286e+00
  -2.7454812e-01  -4.8959851e-01   8.2763801e-01   3.6018843e-01  -5.9226256e-01   7.6417741e-01   2.5558944e-01  -1.1301473e+00  -7.5757272e-01  -4.1999311e-01  -4.9975734e-01   1.0553227e+00
  -2.7461668e-01  -4.8959707e-01   8.2761610e-01   3.6016766e-01  -5.9224752e-01   7.6419789e-01   2.5556293e-01  -1.1301499e+00  -7.5755959e-01  -4.1995745e-01  -4.9980714e-01   1.0553136e+00
  -2.7466013e-01  -4.8960303e-01   8.2759817e-01   3.6015769e-01  -5.9225379e-01   7.6420004e-01   2.5554209e-01  -1.1301542e+00  -7.5753895e-01  -4.1994666e-01  -4.9984750e-01   1.0553130e+00
