1.000000
8

1.000000	

-0.004657	
-0.000073	
-0.017841	
-0.091096	
-0.009163	
-0.007805	
0.034012	
0.078326	


0.001190	0.000609	-0.000250	0.001692	-0.000625	-0.000266	0.000019	-0.000635	
0.000609	0.000338	-0.000314	0.000503	-0.000462	-0.000223	0.000255	-0.000181	
-0.000250	-0.000314	0.001698	0.002784	0.001208	0.000687	-0.002043	-0.002332	
0.001692	0.000503	0.002784	0.011837	0.001094	0.000925	-0.004613	-0.009138	
-0.000625	-0.000462	0.001208	0.001094	0.003887	0.001830	-0.001251	0.001490	
-0.000266	-0.000223	0.000687	0.000925	0.001830	0.000957	-0.001177	0.000650	
0.000019	0.000255	-0.002043	-0.004613	-0.001251	-0.001177	0.005218	0.001847	
-0.000635	-0.000181	-0.002332	-0.009138	0.001490	0.000650	0.001847	0.026928	


