  -3.4685189e-01  -6.8913936e-01   6.3627725e-01   4.9282108e-01  -5.5104432e-01   6.9868862e-01   4.5634677e-01  -1.0586022e+00  -7.5902039e-01  -1.9232569e-01  -6.2206664e-01   1.0547987e+00
  -3.4685132e-01  -6.8914770e-01   6.3626854e-01   4.9282531e-01  -5.5105136e-01   6.9868074e-01   4.5635030e-01  -1.0585998e+00  -7.5901553e-01  -1.9232439e-01  -6.2207298e-01   1.0547991e+00
  -3.4685259e-01  -6.8915492e-01   6.3625997e-01   4.9282608e-01  -5.5105469e-01   6.9867498e-01   4.5635515e-01  -1.0585992e+00  -7.5901252e-01  -1.9231954e-01  -6.2207811e-01   1.0547979e+00
  -3.4685436e-01  -6.8915324e-01   6.3626084e-01   4.9282704e-01  -5.5104877e-01   6.9867795e-01   4.5635770e-01  -1.0585967e+00  -7.5901603e-01  -1.9231455e-01  -6.2207539e-01   1.0547956e+00
  -3.4685299e-01  -6.8916160e-01   6.3625252e-01   4.9282888e-01  -5.5105160e-01   6.9867103e-01   4.5636497e-01  -1.0585954e+00  -7.5901458e-01  -1.9230990e-01  -6.2207858e-01   1.0547943e+00
  -3.4685354e-01  -6.8917097e-01   6.3624209e-01   4.9283084e-01  -5.5105602e-01   6.9866329e-01   4.5637142e-01  -1.0585941e+00  -7.5901113e-01  -1.9230448e-01  -6.2208445e-01   1.0547929e+00
  -3.4685308e-01  -6.8916630e-01   6.3624743e-01   4.9283051e-01  -5.5104767e-01   6.9866865e-01   4.5637326e-01  -1.0585940e+00  -7.5901739e-01  -1.9230166e-01  -6.2207771e-01   1.0547898e+00
  -3.4685434e-01  -6.8916996e-01   6.3624278e-01   4.9283195e-01  -5.5104695e-01   6.9866646e-01   4.5637754e-01  -1.0585925e+00  -7.5901734e-01  -1.9229660e-01  -6.2207931e-01   1.0547878e+00
  -3.4685805e-01  -6.8917790e-01   6.3623214e-01   4.9283519e-01  -5.5105430e-01   6.9865955e-01   4.5637917e-01  -1.0585905e+00  -7.5901028e-01  -1.9229313e-01  -6.2208903e-01   1.0547875e+00
  -3.4685794e-01  -6.8918371e-01   6.3622589e-01   4.9283773e-01  -5.5105149e-01   6.9865610e-01   4.5638792e-01  -1.0585873e+00  -7.5901240e-01  -1.9228492e-01  -6.2208900e-01   1.0547843e+00
  -3.4686189e-01  -6.8918413e-01   6.3622330e-01   4.9283870e-01  -5.5105477e-01   6.9865568e-01   4.5638460e-01  -1.0585880e+00  -7.5900823e-01  -1.9228492e-01  -6.2209410e-01   1.0547833e+00
  -3.4684440e-01  -6.8920035e-01   6.3621526e-01   4.9284939e-01  -5.5105605e-01   6.9864056e-01   4.5640623e-01  -1.0585812e+00  -7.5901530e-01  -1.9228181e-01  -6.2208641e-01   1.0547822e+00
  -3.4684192e-01  -6.8920805e-01   6.3620826e-01   4.9285216e-01  -5.5105380e-01   6.9863513e-01   4.5641718e-01  -1.0585775e+00  -7.5901803e-01  -1.9227386e-01  -6.2208551e-01   1.0547788e+00
  -3.4686052e-01  -6.8920916e-01   6.3619692e-01   4.9284968e-01  -5.5105387e-01   6.9863767e-01   4.5641322e-01  -1.0585784e+00  -7.5900951e-01  -1.9226052e-01  -6.2210004e-01   1.0547736e+00
  -3.4685947e-01  -6.8921636e-01   6.3618965e-01   4.9285345e-01  -5.5105531e-01   6.9863197e-01   4.5642029e-01  -1.0585759e+00  -7.5900897e-01  -1.9225546e-01  -6.2210230e-01   1.0547713e+00
  -3.4684577e-01  -6.8922561e-01   6.3618715e-01   4.9286153e-01  -5.5105962e-01   6.9862178e-01   4.5643062e-01  -1.0585725e+00  -7.5901206e-01  -1.9225946e-01  -6.2209725e-01   1.0547724e+00
  -3.4686021e-01  -6.8923579e-01   6.3616825e-01   4.9286024e-01  -5.5105956e-01   6.9861710e-01   4.5643785e-01  -1.0585708e+00  -7.5900550e-01  -1.9223995e-01  -6.2211129e-01   1.0547654e+00
  -3.4684339e-01  -6.8924107e-01   6.3617165e-01   4.9286907e-01  -5.5106459e-01   6.9860897e-01   4.5644426e-01  -1.0585676e+00  -7.5900956e-01  -1.9225044e-01  -6.2210311e-01   1.0547677e+00
  -3.4684473e-01  -6.8925026e-01   6.3616102e-01   4.9287239e-01  -5.5106363e-01   6.9860287e-01   4.5645473e-01  -1.0585635e+00  -7.5900962e-01  -1.9223978e-01  -6.2210628e-01   1.0547640e+00
  -3.4684205e-01  -6.8925694e-01   6.3615527e-01   4.9287717e-01  -5.5106893e-01   6.9859627e-01   4.5645840e-01  -1.0585623e+00  -7.5900698e-01  -1.9223990e-01  -6.2210950e-01   1.0547630e+00
  -3.4683982e-01  -6.8927158e-01   6.3614057e-01   4.9288502e-01  -5.5107106e-01   6.9858479e-01   4.5647339e-01  -1.0585557e+00  -7.5900648e-01  -1.9222895e-01  -6.2211349e-01   1.0547601e+00
  -3.4684325e-01  -6.8927726e-01   6.3613257e-01   4.9288506e-01  -5.5107429e-01   6.9858056e-01   4.5647603e-01  -1.0585571e+00  -7.5900256e-01  -1.9222414e-01  -6.2211975e-01   1.0547577e+00
  -3.4683811e-01  -6.8928982e-01   6.3612177e-01   4.9289410e-01  -5.5108095e-01   6.9856889e-01   4.5648580e-01  -1.0585511e+00  -7.5900009e-01  -1.9222137e-01  -6.2212365e-01   1.0547558e+00
  -3.4683583e-01  -6.8930460e-01   6.3610693e-01   4.9289931e-01  -5.5108685e-01   6.9855636e-01   4.5649784e-01  -1.0585478e+00  -7.5899681e-01  -1.9221380e-01  -6.2212992e-01   1.0547534e+00
  -3.4682534e-01  -6.8930564e-01   6.3611155e-01   4.9290547e-01  -5.5108353e-01   6.9855455e-01   4.5650465e-01  -1.0585442e+00  -7.5900403e-01  -1.9221669e-01  -6.2212024e-01   1.0547531e+00
  -3.4683345e-01  -6.8932079e-01   6.3609078e-01   4.9290731e-01  -5.5108797e-01   6.9854404e-01   4.5651535e-01  -1.0585425e+00  -7.5899710e-01  -1.9220067e-01  -6.2213367e-01   1.0547474e+00
  -3.4683006e-01  -6.8933577e-01   6.3607634e-01   4.9291843e-01  -5.5109196e-01   6.9853165e-01   4.5652951e-01  -1.0585354e+00  -7.5899575e-01  -1.9219189e-01  -6.2213806e-01   1.0547423e+00
  -3.4682622e-01  -6.8935167e-01   6.3606119e-01   4.9292761e-01  -5.5110153e-01   6.9851712e-01   4.5654018e-01  -1.0585315e+00  -7.5899060e-01  -1.9218765e-01  -6.2214562e-01   1.0547411e+00
  -3.4682719e-01  -6.8936277e-01   6.3604864e-01   4.9293234e-01  -5.5110372e-01   6.9850877e-01   4.5655032e-01  -1.0585266e+00  -7.5898850e-01  -1.9217820e-01  -6.2215109e-01   1.0547371e+00
  -3.4681813e-01  -6.8937266e-01   6.3604285e-01   4.9293944e-01  -5.5110537e-01   6.9849959e-01   4.5656234e-01  -1.0585238e+00  -7.5899150e-01  -1.9217599e-01  -6.2214814e-01   1.0547340e+00
  -3.4681877e-01  -6.8938585e-01   6.3602823e-01   4.9294492e-01  -5.5110723e-01   6.9848981e-01   4.5657511e-01  -1.0585185e+00  -7.5898986e-01  -1.9216440e-01  -6.2215373e-01   1.0547306e+00
  -3.4683476e-01  -6.8939337e-01   6.3601139e-01   4.9294714e-01  -5.5111338e-01   6.9848573e-01   4.5657385e-01  -1.0585184e+00  -7.5897807e-01  -1.9215218e-01  -6.2217186e-01   1.0547259e+00
  -3.4681920e-01  -6.8941420e-01   6.3599728e-01   4.9295739e-01  -5.5111909e-01   6.9846651e-01   4.5659642e-01  -1.0585106e+00  -7.5898106e-01  -1.9214731e-01  -6.2216973e-01   1.0547251e+00
  -3.4681265e-01  -6.8942543e-01   6.3598868e-01   4.9296676e-01  -5.5111961e-01   6.9845717e-01   4.5661009e-01  -1.0585046e+00  -7.5898364e-01  -1.9214114e-01  -6.2216848e-01   1.0547209e+00
  -3.4682800e-01  -6.8944640e-01   6.3595751e-01   4.9297170e-01  -5.5113259e-01   6.9844160e-01   4.5661827e-01  -1.0585011e+00  -7.5896722e-01  -1.9212236e-01  -6.2219430e-01   1.0547157e+00
  -3.4682550e-01  -6.8945688e-01   6.3594755e-01   4.9297931e-01  -5.5113666e-01   6.9843258e-01   4.5662708e-01  -1.0584963e+00  -7.5896539e-01  -1.9211756e-01  -6.2219800e-01   1.0547123e+00
  -3.4682322e-01  -6.8947727e-01   6.3592668e-01   4.9298728e-01  -5.5114527e-01   6.9841531e-01   4.5664309e-01  -1.0584912e+00  -7.5896013e-01  -1.9210703e-01  -6.2220766e-01   1.0547089e+00
  -3.4681119e-01  -6.8948356e-01   6.3592641e-01   4.9299433e-01  -5.5113855e-01   6.9841035e-01   4.5665885e-01  -1.0584850e+00  -7.5897054e-01  -1.9210263e-01  -6.2219635e-01   1.0547059e+00
  -3.4682625e-01  -6.8950034e-01   6.3590002e-01   4.9299772e-01  -5.5114536e-01   6.9839927e-01   4.5666750e-01  -1.0584823e+00  -7.5895872e-01  -1.9208252e-01  -6.2221697e-01   1.0546987e+00
  -3.4682856e-01  -6.8950986e-01   6.3588848e-01   4.9300445e-01  -5.5114775e-01   6.9839231e-01   4.5667535e-01  -1.0584775e+00  -7.5895596e-01  -1.9207393e-01  -6.2222301e-01   1.0546947e+00
  -3.4681176e-01  -6.8955234e-01   6.3585153e-01   4.9302629e-01  -5.5116624e-01   6.9835403e-01   4.5671158e-01  -1.0584643e+00  -7.5895022e-01  -1.9206041e-01  -6.2223422e-01   1.0546912e+00
  -3.4683010e-01  -6.8956591e-01   6.3582684e-01   4.9302951e-01  -5.5116857e-01   6.9834706e-01   4.5671941e-01  -1.0584598e+00  -7.5894012e-01  -1.9203720e-01  -6.2225370e-01   1.0546830e+00
  -3.4682895e-01  -6.8958883e-01   6.3580259e-01   4.9304066e-01  -5.5118101e-01   6.9832723e-01   4.5673472e-01  -1.0584529e+00  -7.5893156e-01  -1.9202696e-01  -6.2226723e-01   1.0546802e+00
  -3.4683095e-01  -6.8960006e-01   6.3578933e-01   4.9304557e-01  -5.5118401e-01   6.9831877e-01   4.5674401e-01  -1.0584490e+00  -7.5892850e-01  -1.9201745e-01  -6.2227392e-01   1.0546752e+00
  -3.4682505e-01  -6.8962418e-01   6.3576636e-01   4.9305934e-01  -5.5119446e-01   6.9829773e-01   4.5676360e-01  -1.0584409e+00  -7.5892357e-01  -1.9200737e-01  -6.2228302e-01   1.0546719e+00
  -3.4684075e-01  -6.8963380e-01   6.3574735e-01   4.9305989e-01  -5.5119181e-01   6.9829431e-01   4.5677204e-01  -1.0584388e+00  -7.5891840e-01  -1.9198505e-01  -6.2229625e-01   1.0546624e+00
  -3.4684371e-01  -6.8965223e-01   6.3572573e-01   4.9306893e-01  -5.5120225e-01   6.9827893e-01   4.5678287e-01  -1.0584330e+00  -7.5890944e-01  -1.9197465e-01  -6.2231037e-01   1.0546587e+00
  -3.4682488e-01  -6.8967646e-01   6.3570974e-01   4.9308403e-01  -5.5121093e-01   6.9825597e-01   4.5680755e-01  -1.0584240e+00  -7.5891174e-01  -1.9197138e-01  -6.2230858e-01   1.0546571e+00
  -3.4684417e-01  -6.8969634e-01   6.3567764e-01   4.9308863e-01  -5.5121836e-01   6.9824330e-01   4.5681795e-01  -1.0584199e+00  -7.5889750e-01  -1.9194602e-01  -6.2233373e-01   1.0546490e+00
  -3.4683040e-01  -6.8971602e-01   6.3566382e-01   4.9310294e-01  -5.5122875e-01   6.9822399e-01   4.5683489e-01  -1.0584113e+00  -7.5889628e-01  -1.9194542e-01  -6.2233545e-01   1.0546475e+00
  -3.4682590e-01  -6.8973905e-01   6.3564121e-01   4.9311521e-01  -5.5123705e-01   6.9820455e-01   4.5685465e-01  -1.0584035e+00  -7.5889228e-01  -1.9193343e-01  -6.2234403e-01   1.0546425e+00
  -3.4683294e-01  -6.8975642e-01   6.3561862e-01   4.9312138e-01  -5.5124491e-01   6.9819136e-01   4.5686529e-01  -1.0583994e+00  -7.5888337e-01  -1.9191912e-01  -6.2235928e-01   1.0546379e+00
  -3.4683387e-01  -6.8978298e-01   6.3558929e-01   4.9313229e-01  -5.5125381e-01   6.9817020e-01   4.5688689e-01  -1.0583919e+00  -7.5887648e-01  -1.9190065e-01  -6.2237340e-01   1.0546321e+00
  -3.4683804e-01  -6.8982086e-01   6.3554588e-01   4.9315225e-01  -5.5126957e-01   6.9813972e-01   4.5691441e-01  -1.0583774e+00  -7.5886311e-01  -1.9187524e-01  -6.2239753e-01   1.0546221e+00
  -3.4684163e-01  -6.8984274e-01   6.3552016e-01   4.9316245e-01  -5.5127650e-01   6.9812287e-01   4.5693177e-01  -1.0583703e+00  -7.5885644e-01  -1.9185781e-01  -6.2241103e-01   1.0546166e+00
  -3.4684070e-01  -6.8987017e-01   6.3549093e-01   4.9317668e-01  -5.5129316e-01   6.9809879e-01   4.5694850e-01  -1.0583615e+00  -7.5884479e-01  -1.9184692e-01  -6.2242861e-01   1.0546132e+00
  -3.4684332e-01  -6.8988528e-01   6.3547306e-01   4.9318249e-01  -5.5129470e-01   6.9808802e-01   4.5696310e-01  -1.0583570e+00  -7.5884248e-01  -1.9183182e-01  -6.2243605e-01   1.0546063e+00
  -3.4684232e-01  -6.8992012e-01   6.3543580e-01   4.9319800e-01  -5.5131254e-01   6.9805826e-01   4.5698703e-01  -1.0583473e+00  -7.5882997e-01  -1.9181474e-01  -6.2245660e-01   1.0546020e+00
  -3.4684493e-01  -6.8993370e-01   6.3541960e-01   4.9320664e-01  -5.5131499e-01   6.9804834e-01   4.5699919e-01  -1.0583411e+00  -7.5882697e-01  -1.9180196e-01  -6.2246418e-01   1.0545957e+00
  -3.4684781e-01  -6.8995710e-01   6.3539259e-01   4.9321704e-01  -5.5132547e-01   6.9802936e-01   4.5701554e-01  -1.0583340e+00  -7.5881801e-01  -1.9178675e-01  -6.2247974e-01   1.0545900e+00
  -3.4683631e-01  -6.8998429e-01   6.3536935e-01   4.9323316e-01  -5.5134097e-01   6.9800383e-01   4.5703592e-01  -1.0583243e+00  -7.5881201e-01  -1.9178198e-01  -6.2248852e-01   1.0545885e+00
  -3.4683178e-01  -6.9001487e-01   6.3533861e-01   4.9324919e-01  -5.5135593e-01   6.9797722e-01   4.5705849e-01  -1.0583143e+00  -7.5880325e-01  -1.9176879e-01  -6.2250330e-01   1.0545838e+00
  -3.4685167e-01  -6.9006653e-01   6.3527165e-01   4.9326832e-01  -5.5138419e-01   6.9793650e-01   4.5708654e-01  -1.0583030e+00  -7.5877358e-01  -1.9173102e-01  -6.2255106e-01   1.0545714e+00
  -3.4685214e-01  -6.9008896e-01   6.3524706e-01   4.9328240e-01  -5.5139151e-01   6.9791861e-01   4.5710498e-01  -1.0582937e+00  -7.5876806e-01  -1.9171550e-01  -6.2256258e-01   1.0545655e+00
  -3.4685475e-01  -6.9012202e-01   6.3520968e-01   4.9329772e-01  -5.5141005e-01   6.9789062e-01   4.5712544e-01  -1.0582823e+00  -7.5875340e-01  -1.9169839e-01  -6.2258571e-01   1.0545603e+00
  -3.4685588e-01  -6.9014731e-01   6.3518161e-01   4.9331005e-01  -5.5142201e-01   6.9786958e-01   4.5714306e-01  -1.0582745e+00  -7.5874421e-01  -1.9168382e-01  -6.2260141e-01   1.0545551e+00
  -3.4686129e-01  -6.9017375e-01   6.3514995e-01   4.9332015e-01  -5.5143143e-01   6.9784920e-01   4.5716285e-01  -1.0582678e+00  -7.5873487e-01  -1.9166304e-01  -6.2261921e-01   1.0545483e+00
  -3.4687243e-01  -6.9020182e-01   6.3511334e-01   4.9333334e-01  -5.5144594e-01   6.9782735e-01   4.5717870e-01  -1.0582587e+00  -7.5871922e-01  -1.9164151e-01  -6.2264489e-01   1.0545404e+00
  -3.4687433e-01  -6.9022774e-01   6.3508415e-01   4.9334583e-01  -5.5145675e-01   6.9780632e-01   4.5719778e-01  -1.0582507e+00  -7.5871054e-01  -1.9162476e-01  -6.2266063e-01   1.0545340e+00
  -3.4687369e-01  -6.9026335e-01   6.3504578e-01   4.9336106e-01  -5.5147281e-01   6.9777649e-01   4.5722393e-01  -1.0582409e+00  -7.5869911e-01  -1.9160501e-01  -6.2268063e-01   1.0545273e+00
  -3.4688512e-01  -6.9028458e-01   6.3501646e-01   4.9337246e-01  -5.5148418e-01   6.9776042e-01   4.5723474e-01  -1.0582331e+00  -7.5868563e-01  -1.9158709e-01  -6.2270253e-01   1.0545219e+00
  -3.4688859e-01  -6.9032095e-01   6.3497501e-01   4.9338675e-01  -5.5150127e-01   6.9773056e-01   4.5725973e-01  -1.0582225e+00  -7.5867162e-01  -1.9156485e-01  -6.2272649e-01   1.0545144e+00
  -3.4687660e-01  -6.9039257e-01   6.3490372e-01   4.9342724e-01  -5.5154089e-01   6.9766679e-01   4.5730921e-01  -1.0581978e+00  -7.5864829e-01  -1.9153899e-01  -6.2276284e-01   1.0545072e+00
  -3.4689074e-01  -6.9042067e-01   6.3486540e-01   4.9343666e-01  -5.5155384e-01   6.9764582e-01   4.5732554e-01  -1.0581922e+00  -7.5863245e-01  -1.9151390e-01  -6.2278988e-01   1.0544976e+00
  -3.4689367e-01  -6.9045920e-01   6.3482190e-01   4.9345460e-01  -5.5157965e-01   6.9761210e-01   4.5734592e-01  -1.0581811e+00  -7.5861234e-01  -1.9149796e-01  -6.2281928e-01   1.0544930e+00
  -3.4689225e-01  -6.9049540e-01   6.3478334e-01   4.9347333e-01  -5.5159942e-01   6.9758077e-01   4.5736987e-01  -1.0581695e+00  -7.5859865e-01  -1.9148152e-01  -6.2284106e-01   1.0544877e+00
  -3.4689994e-01  -6.9052905e-01   6.3474251e-01   4.9348711e-01  -5.5160859e-01   6.9755561e-01   4.5739717e-01  -1.0581568e+00  -7.5858840e-01  -1.9145191e-01  -6.2286257e-01   1.0544785e+00
  -3.4689815e-01  -6.9056832e-01   6.3470076e-01   4.9350639e-01  -5.5162655e-01   6.9752245e-01   4.5742605e-01  -1.0581447e+00  -7.5857619e-01  -1.9143101e-01  -6.2288390e-01   1.0544722e+00
  -3.4690098e-01  -6.9059835e-01   6.3466653e-01   4.9352461e-01  -5.5164536e-01   6.9749654e-01   4.5744287e-01  -1.0581346e+00  -7.5856120e-01  -1.9141697e-01  -6.2290642e-01   1.0544662e+00
  -3.4690465e-01  -6.9063822e-01   6.3462110e-01   4.9354056e-01  -5.5166678e-01   6.9746306e-01   4.5746805e-01  -1.0581240e+00  -7.5854395e-01  -1.9139505e-01  -6.2293420e-01   1.0544591e+00
  -3.4690794e-01  -6.9068331e-01   6.3457028e-01   4.9356167e-01  -5.5168647e-01   6.9742619e-01   4.5750052e-01  -1.0581086e+00  -7.5852814e-01  -1.9136675e-01  -6.2296214e-01   1.0544513e+00
  -3.4690974e-01  -6.9075112e-01   6.3449547e-01   4.9359710e-01  -5.5172142e-01   6.9736885e-01   4.5754588e-01  -1.0580868e+00  -7.5850189e-01  -1.9133112e-01  -6.2300506e-01   1.0544372e+00
  -3.4692699e-01  -6.9079379e-01   6.3443961e-01   4.9361256e-01  -5.5173742e-01   6.9733717e-01   4.5757479e-01  -1.0580747e+00  -7.5848233e-01  -1.9129254e-01  -6.2304070e-01   1.0544252e+00
  -3.4692627e-01  -6.9084020e-01   6.3438947e-01   4.9363559e-01  -5.5176615e-01   6.9729633e-01   4.5760243e-01  -1.0580618e+00  -7.5846180e-01  -1.9127387e-01  -6.2307144e-01   1.0544196e+00
  -3.4691770e-01  -6.9088347e-01   6.3434701e-01   4.9365858e-01  -5.5178542e-01   6.9725865e-01   4.5763656e-01  -1.0580454e+00  -7.5845172e-01  -1.9125470e-01  -6.2308960e-01   1.0544137e+00
  -3.4691851e-01  -6.9092787e-01   6.3429822e-01   4.9368089e-01  -5.5181312e-01   6.9721979e-01   4.5766238e-01  -1.0580332e+00  -7.5843117e-01  -1.9123602e-01  -6.2312034e-01   1.0544073e+00
  -3.4692181e-01  -6.9096567e-01   6.3425527e-01   4.9369736e-01  -5.5182399e-01   6.9719038e-01   4.5769407e-01  -1.0580201e+00  -7.5842179e-01  -1.9120671e-01  -6.2314081e-01   1.0543965e+00
  -3.4692158e-01  -6.9100581e-01   6.3421161e-01   4.9371976e-01  -5.5184328e-01   6.9715651e-01   4.5772239e-01  -1.0580057e+00  -7.5840779e-01  -1.9118510e-01  -6.2316437e-01   1.0543885e+00
  -3.4692482e-01  -6.9105415e-01   6.3415722e-01   4.9374115e-01  -5.5186755e-01   6.9711608e-01   4.5775465e-01  -1.0579921e+00  -7.5838867e-01  -1.9115785e-01  -6.2319603e-01   1.0543805e+00
  -3.4692999e-01  -6.9110380e-01   6.3410022e-01   4.9376213e-01  -5.5189174e-01   6.9707511e-01   4.5778797e-01  -1.0579766e+00  -7.5836872e-01  -1.9112777e-01  -6.2322955e-01   1.0543719e+00
  -3.4692572e-01  -6.9114406e-01   6.3405870e-01   4.9378532e-01  -5.5191109e-01   6.9704039e-01   4.5781749e-01  -1.0579634e+00  -7.5835657e-01  -1.9110885e-01  -6.2325016e-01   1.0543639e+00
  -3.4692513e-01  -6.9124570e-01   6.3394821e-01   4.9383300e-01  -5.5196900e-01   6.9695229e-01   4.5788184e-01  -1.0579348e+00  -7.5831469e-01  -1.9106259e-01  -6.2331524e-01   1.0543485e+00
  -3.4693429e-01  -6.9128168e-01   6.3390396e-01   4.9385217e-01  -5.5198087e-01   6.9692495e-01   4.5790903e-01  -1.0579201e+00  -7.5830183e-01  -1.9103203e-01  -6.2334027e-01   1.0543378e+00
  -3.4693581e-01  -6.9133464e-01   6.3384537e-01   4.9387734e-01  -5.5200932e-01   6.9687979e-01   4.5794346e-01  -1.0579038e+00  -7.5828045e-01  -1.9100506e-01  -6.2337457e-01   1.0543296e+00
  -3.4693516e-01  -6.9139415e-01   6.3378081e-01   4.9390461e-01  -5.5204359e-01   6.9682804e-01   4.5798087e-01  -1.0578869e+00  -7.5825576e-01  -1.9097846e-01  -6.2341269e-01   1.0543226e+00
  -3.4694753e-01  -6.9143372e-01   6.3373084e-01   4.9392423e-01  -5.5206240e-01   6.9679700e-01   4.5800553e-01  -1.0578756e+00  -7.5823645e-01  -1.9094858e-01  -6.2344540e-01   1.0543100e+00
  -3.4695317e-01  -6.9149220e-01   6.3366395e-01   4.9394996e-01  -5.5209511e-01   6.9674751e-01   4.5804136e-01  -1.0578590e+00  -7.5821007e-01  -1.9091735e-01  -6.2348702e-01   1.0543007e+00
  -3.4696678e-01  -6.9153829e-01   6.3360623e-01   4.9397182e-01  -5.5212061e-01   6.9671026e-01   4.5806733e-01  -1.0578434e+00  -7.5818530e-01  -1.9088642e-01  -6.2352664e-01   1.0542916e+00
  -3.4696077e-01  -6.9160266e-01   6.3353923e-01   4.9400238e-01  -5.5214889e-01   6.9665550e-01   4.5811656e-01  -1.0578224e+00  -7.5816743e-01  -1.9085302e-01  -6.2355856e-01   1.0542809e+00
  -3.4696336e-01  -6.9165649e-01   6.3347909e-01   4.9402844e-01  -5.5217991e-01   6.9660925e-01   4.5814945e-01  -1.0578072e+00  -7.5814365e-01  -1.9082686e-01  -6.2359548e-01   1.0542724e+00
  -3.4696876e-01  -6.9171235e-01   6.3341515e-01   4.9405557e-01  -5.5221282e-01   6.9656153e-01   4.5818231e-01  -1.0577902e+00  -7.5811724e-01  -1.9079851e-01  -6.2363629e-01   1.0542634e+00
  -3.4697383e-01  -6.9175942e-01   6.3336092e-01   4.9408006e-01  -5.5223613e-01   6.9652250e-01   4.5821353e-01  -1.0577746e+00  -7.5809788e-01  -1.9077018e-01  -6.2366843e-01   1.0542534e+00
  -3.4697024e-01  -6.9187799e-01   6.3323339e-01   4.9413638e-01  -5.5229587e-01   6.9642107e-01   4.5829573e-01  -1.0577371e+00  -7.5805603e-01  -1.9071073e-01  -6.2373748e-01   1.0542353e+00
  -3.4697881e-01  -6.9193230e-01   6.3316938e-01   4.9416414e-01  -5.5232650e-01   6.9637561e-01   4.5832790e-01  -1.0577192e+00  -7.5802979e-01  -1.9067969e-01  -6.2377888e-01   1.0542252e+00
  -3.4697580e-01  -6.9199802e-01   6.3309915e-01   4.9419464e-01  -5.5236308e-01   6.9631827e-01   4.5837091e-01  -1.0576982e+00  -7.5800449e-01  -1.9065050e-01  -6.2381852e-01   1.0542182e+00
  -3.4697649e-01  -6.9206594e-01   6.3302449e-01   4.9423028e-01  -5.5240610e-01   6.9625837e-01   4.5841009e-01  -1.0576762e+00  -7.5797286e-01  -1.9062258e-01  -6.2386554e-01   1.0542109e+00
  -3.4698780e-01  -6.9212607e-01   6.3295257e-01   4.9425563e-01  -5.5244459e-01   6.9620723e-01   4.5844135e-01  -1.0576612e+00  -7.5793958e-01  -1.9059116e-01  -6.2391553e-01   1.0542021e+00
  -3.4699239e-01  -6.9219497e-01   6.3287469e-01   4.9428818e-01  -5.5248857e-01   6.9614705e-01   4.5847973e-01  -1.0576404e+00  -7.5790544e-01  -1.9056057e-01  -6.2396634e-01   1.0541937e+00
  -3.4701674e-01  -6.9225675e-01   6.3279373e-01   4.9431506e-01  -5.5252699e-01   6.9609710e-01   4.5850928e-01  -1.0576224e+00  -7.5786627e-01  -1.9051876e-01  -6.2402667e-01   1.0541823e+00
  -3.4703942e-01  -6.9231107e-01   6.3272189e-01   4.9433965e-01  -5.5255798e-01   6.9605409e-01   4.5853723e-01  -1.0576060e+00  -7.5783334e-01  -1.9047855e-01  -6.2407897e-01   1.0541697e+00
  -3.4706082e-01  -6.9244699e-01   6.3256145e-01   4.9439935e-01  -5.5263664e-01   6.9593968e-01   4.5861607e-01  -1.0575653e+00  -7.5776616e-01  -1.9040251e-01  -6.2418372e-01   1.0541491e+00
  -3.4707339e-01  -6.9251537e-01   6.3247968e-01   4.9443065e-01  -5.5268095e-01   6.9588126e-01   4.5865129e-01  -1.0575449e+00  -7.5772807e-01  -1.9036731e-01  -6.2424072e-01   1.0541404e+00
  -3.4709464e-01  -6.9258034e-01   6.3239685e-01   4.9445859e-01  -5.5272139e-01   6.9582785e-01   4.5868358e-01  -1.0575278e+00  -7.5768886e-01  -1.9032613e-01  -6.2430088e-01   1.0541281e+00
  -3.4711347e-01  -6.9264295e-01   6.3231791e-01   4.9448538e-01  -5.5275507e-01   6.9577743e-01   4.5871953e-01  -1.0575080e+00  -7.5765563e-01  -1.9028271e-01  -6.2435444e-01   1.0541158e+00
  -3.4712268e-01  -6.9270848e-01   6.3224111e-01   4.9451684e-01  -5.5279989e-01   6.9572030e-01   4.5875216e-01  -1.0574909e+00  -7.5761872e-01  -1.9025305e-01  -6.2440823e-01   1.0541066e+00
  -3.4712593e-01  -6.9278411e-01   6.3215646e-01   4.9455033e-01  -5.5284166e-01   6.9565555e-01   4.5880005e-01  -1.0574670e+00  -7.5758676e-01  -1.9021461e-01  -6.2445874e-01   1.0540976e+00
  -3.4713240e-01  -6.9284567e-01   6.3208545e-01   4.9458343e-01  -5.5288341e-01   6.9560154e-01   4.5883159e-01  -1.0574492e+00  -7.5755335e-01  -1.9018777e-01  -6.2450745e-01   1.0540877e+00
  -3.4715100e-01  -6.9290864e-01   6.3200616e-01   4.9461002e-01  -5.5291629e-01   6.9555094e-01   4.5886870e-01  -1.0574295e+00  -7.5752082e-01  -1.9014334e-01  -6.2456041e-01   1.0540752e+00
  -3.4716767e-01  -6.9304845e-01   6.3184369e-01   4.9467592e-01  -5.5300166e-01   6.9543100e-01   4.5894756e-01  -1.0573892e+00  -7.5745085e-01  -1.9007238e-01  -6.2466685e-01   1.0540530e+00
  -3.4717984e-01  -6.9312233e-01   6.3175597e-01   4.9471029e-01  -5.5304226e-01   6.9536940e-01   4.5899203e-01  -1.0573653e+00  -7.5741561e-01  -1.9002850e-01  -6.2472296e-01   1.0540413e+00
  -3.4719108e-01  -6.9319856e-01   6.3166612e-01   4.9474585e-01  -5.5309151e-01   6.9530367e-01   4.5903222e-01  -1.0573427e+00  -7.5737454e-01  -1.8999079e-01  -6.2478420e-01   1.0540316e+00
  -3.4721041e-01  -6.9326887e-01   6.3157834e-01   4.9477450e-01  -5.5313084e-01   6.9524623e-01   4.5907183e-01  -1.0573225e+00  -7.5733691e-01  -1.8994447e-01  -6.2484388e-01   1.0540183e+00
  -3.4723008e-01  -6.9333350e-01   6.3149657e-01   4.9480569e-01  -5.5316901e-01   6.9519331e-01   4.5910600e-01  -1.0573036e+00  -7.5729999e-01  -1.8990245e-01  -6.2490138e-01   1.0540036e+00
  -3.4724588e-01  -6.9341640e-01   6.3139683e-01   4.9484069e-01  -5.5321882e-01   6.9512337e-01   4.5915188e-01  -1.0572793e+00  -7.5725643e-01  -1.8985554e-01  -6.2496850e-01   1.0539921e+00
  -3.4724988e-01  -6.9348972e-01   6.3131413e-01   4.9487873e-01  -5.5325941e-01   6.9506064e-01   4.5919796e-01  -1.0572550e+00  -7.5722491e-01  -1.8981762e-01  -6.2501818e-01   1.0539797e+00
  -3.4726527e-01  -6.9356677e-01   6.3122101e-01   4.9490964e-01  -5.5330493e-01   6.9499601e-01   4.5924094e-01  -1.0572347e+00  -7.5718458e-01  -1.8977280e-01  -6.2508064e-01   1.0539668e+00
  -3.4727854e-01  -6.9364709e-01   6.3112543e-01   4.9494749e-01  -5.5334620e-01   6.9492963e-01   4.5929165e-01  -1.0572081e+00  -7.5714834e-01  -1.8972229e-01  -6.2513985e-01   1.0539534e+00
  -3.4730655e-01  -6.9372475e-01   6.3102468e-01   4.9498046e-01  -5.5339689e-01   6.9486547e-01   4.5932758e-01  -1.0571864e+00  -7.5709845e-01  -1.8967316e-01  -6.2521518e-01   1.0539386e+00
  -3.4731830e-01  -6.9380241e-01   6.3093278e-01   4.9501694e-01  -5.5344618e-01   6.9479874e-01   4.5936915e-01  -1.0571643e+00  -7.5705699e-01  -1.8963354e-01  -6.2527740e-01   1.0539270e+00
  -3.4732520e-01  -6.9387853e-01   6.3084530e-01   4.9505272e-01  -5.5348514e-01   6.9473484e-01   4.5941893e-01  -1.0571387e+00  -7.5702541e-01  -1.8958929e-01  -6.2532906e-01   1.0539157e+00
  -3.4735070e-01  -6.9404661e-01   6.3064630e-01   4.9513040e-01  -5.5358616e-01   6.9459171e-01   4.5951356e-01  -1.0570869e+00  -7.5693979e-01  -1.8949829e-01  -6.2546024e-01   1.0538897e+00
  -3.4736483e-01  -6.9413256e-01   6.3054391e-01   4.9517045e-01  -5.5364365e-01   6.9451730e-01   4.5955676e-01  -1.0570623e+00  -7.5689126e-01  -1.8945631e-01  -6.2553170e-01   1.0538787e+00
  -3.4736597e-01  -6.9421465e-01   6.3045296e-01   4.9521059e-01  -5.5368944e-01   6.9444624e-01   4.5960903e-01  -1.0570358e+00  -7.5685727e-01  -1.8941618e-01  -6.2558501e-01   1.0538671e+00
  -3.4737932e-01  -6.9430357e-01   6.3034768e-01   4.9525180e-01  -5.5374384e-01   6.9437018e-01   4.5965829e-01  -1.0570085e+00  -7.5681129e-01  -1.8936892e-01  -6.2565489e-01   1.0538545e+00
  -3.4740544e-01  -6.9437914e-01   6.3025004e-01   4.9528608e-01  -5.5378591e-01   6.9430935e-01   4.5969956e-01  -1.0569849e+00  -7.5676856e-01  -1.8931501e-01  -6.2572295e-01   1.0538379e+00
  -3.4742177e-01  -6.9446524e-01   6.3014610e-01   4.9532581e-01  -5.5383823e-01   6.9423640e-01   4.5974670e-01  -1.0569584e+00  -7.5672276e-01  -1.8926653e-01  -6.2579299e-01   1.0538242e+00
  -3.4744839e-01  -6.9455669e-01   6.3003065e-01   4.9536274e-01  -5.5389111e-01   6.9416133e-01   4.5979638e-01  -1.0569332e+00  -7.5667186e-01  -1.8920644e-01  -6.2587270e-01   1.0538074e+00
  -3.4745963e-01  -6.9463827e-01   6.2993450e-01   4.9540423e-01  -5.5394257e-01   6.9409093e-01   4.5984064e-01  -1.0569075e+00  -7.5662900e-01  -1.8916506e-01  -6.2593702e-01   1.0537944e+00
  -3.4749048e-01  -6.9473054e-01   6.2981571e-01   4.9544182e-01  -5.5399689e-01   6.9401565e-01   4.5988884e-01  -1.0568819e+00  -7.5657506e-01  -1.8910255e-01  -6.2602109e-01   1.0537775e+00
  -3.4750750e-01  -6.9482090e-01   6.2970662e-01   4.9548308e-01  -5.5404948e-01   6.9393959e-01   4.5994024e-01  -1.0568542e+00  -7.5652877e-01  -1.8904949e-01  -6.2609311e-01   1.0537621e+00
  -3.4753732e-01  -6.9500265e-01   6.2948957e-01   4.9556589e-01  -5.5415485e-01   6.9378594e-01   4.6004509e-01  -1.0567992e+00  -7.5643784e-01  -1.8894542e-01  -6.2623432e-01   1.0537314e+00
  -3.4755069e-01  -6.9508811e-01   6.2938786e-01   4.9560807e-01  -5.5420452e-01   6.9371354e-01   4.6009443e-01  -1.0567699e+00  -7.5639531e-01  -1.8889707e-01  -6.2630026e-01   1.0537175e+00
  -3.4755924e-01  -6.9519131e-01   6.2926911e-01   4.9565521e-01  -5.5426462e-01   6.9362462e-01   4.6015607e-01  -1.0567404e+00  -7.5634731e-01  -1.8884368e-01  -6.2637432e-01   1.0537014e+00
  -3.4758002e-01  -6.9528283e-01   6.2915654e-01   4.9569991e-01  -5.5432084e-01   6.9354746e-01   4.6020468e-01  -1.0567108e+00  -7.5629661e-01  -1.8879023e-01  -6.2645168e-01   1.0536865e+00
  -3.4759815e-01  -6.9537594e-01   6.2904358e-01   4.9573883e-01  -5.5436451e-01   6.9347174e-01   4.6026618e-01  -1.0566822e+00  -7.5625625e-01  -1.8872536e-01  -6.2651995e-01   1.0536668e+00
  -3.4760950e-01  -6.9547426e-01   6.2892864e-01   4.9578492e-01  -5.5442373e-01   6.9338712e-01   4.6032237e-01  -1.0566533e+00  -7.5620764e-01  -1.8867412e-01  -6.2659409e-01   1.0536505e+00
  -3.4762593e-01  -6.9556285e-01   6.2882155e-01   4.9582785e-01  -5.5446552e-01   6.9331482e-01   4.6038090e-01  -1.0566224e+00  -7.5616943e-01  -1.8861313e-01  -6.2665852e-01   1.0536311e+00
  -3.4764625e-01  -6.9566069e-01   6.2870207e-01   4.9586906e-01  -5.5451835e-01   6.9323373e-01   4.6043939e-01  -1.0565940e+00  -7.5612136e-01  -1.8855037e-01  -6.2673542e-01   1.0536128e+00
  -3.4770334e-01  -6.9584112e-01   6.2847077e-01   4.9594740e-01  -5.5461650e-01   6.9308746e-01   4.6054131e-01  -1.0565397e+00  -7.5602306e-01  -1.8842209e-01  -6.2689249e-01   1.0535724e+00
  -3.4769344e-01  -6.9594987e-01   6.2835584e-01   4.9600287e-01  -5.5467713e-01   6.9299088e-01   4.6061371e-01  -1.0565033e+00  -7.5598319e-01  -1.8837588e-01  -6.2695452e-01   1.0535607e+00
  -3.4771262e-01  -6.9604126e-01   6.2824397e-01   4.9604697e-01  -5.5473207e-01   6.9291365e-01   4.6066366e-01  -1.0564750e+00  -7.5593406e-01  -1.8832207e-01  -6.2702993e-01   1.0535425e+00
  -3.4773182e-01  -6.9614055e-01   6.2812332e-01   4.9608884e-01  -5.5478310e-01   6.9283166e-01   4.6072556e-01  -1.0564454e+00  -7.5588776e-01  -1.8825687e-01  -6.2710526e-01   1.0535218e+00
  -3.4774069e-01  -6.9624461e-01   6.2800305e-01   4.9613635e-01  -5.5484358e-01   6.9274184e-01   4.6078769e-01  -1.0564153e+00  -7.5583928e-01  -1.8820239e-01  -6.2718010e-01   1.0535070e+00
  -3.4774412e-01  -6.9634330e-01   6.2789172e-01   4.9618671e-01  -5.5489957e-01   6.9265616e-01   4.6084914e-01  -1.0563817e+00  -7.5579658e-01  -1.8815287e-01  -6.2724637e-01   1.0534924e+00
  -3.4777905e-01  -6.9643486e-01   6.2777084e-01   4.9622807e-01  -5.5495402e-01   6.9258176e-01   4.6089539e-01  -1.0563547e+00  -7.5574055e-01  -1.8808778e-01  -6.2733340e-01   1.0534714e+00
  -3.4779813e-01  -6.9654152e-01   6.2764195e-01   4.9627689e-01  -5.5501819e-01   6.9249093e-01   4.6095451e-01  -1.0563218e+00  -7.5568463e-01  -1.8802717e-01  -6.2741892e-01   1.0534547e+00
  -3.4783769e-01  -6.9664381e-01   6.2750645e-01   4.9631691e-01  -5.5507587e-01   6.9240865e-01   4.6100866e-01  -1.0562927e+00  -7.5562403e-01  -1.8795110e-01  -6.2751467e-01   1.0534328e+00
  -3.4789359e-01  -6.9685523e-01   6.2724068e-01   4.9640997e-01  -5.5520353e-01   6.9223177e-01   4.6112058e-01  -1.0562306e+00  -7.5550455e-01  -1.8781898e-01  -6.2769810e-01   1.0533946e+00
  -3.4792544e-01  -6.9695163e-01   6.2711591e-01   4.9645309e-01  -5.5525444e-01   6.9215410e-01   4.6117595e-01  -1.0562008e+00  -7.5545246e-01  -1.8774768e-01  -6.2778217e-01   1.0533717e+00
  -3.4795204e-01  -6.9705782e-01   6.2698311e-01   4.9649858e-01  -5.5531373e-01   6.9206610e-01   4.6123656e-01  -1.0561678e+00  -7.5539663e-01  -1.8767772e-01  -6.2787022e-01   1.0533512e+00
  -3.4797108e-01  -6.9716264e-01   6.2685591e-01   4.9654661e-01  -5.5537152e-01   6.9197807e-01   4.6129907e-01  -1.0561353e+00  -7.5534534e-01  -1.8761278e-01  -6.2795132e-01   1.0533311e+00
  -3.4800065e-01  -6.9726683e-01   6.2672363e-01   4.9659178e-01  -5.5542795e-01   6.9189278e-01   4.6135904e-01  -1.0561024e+00  -7.5529019e-01  -1.8754021e-01  -6.2803931e-01   1.0533098e+00
  -3.4801762e-01  -6.9737382e-01   6.2659520e-01   4.9664207e-01  -5.5548788e-01   6.9180223e-01   4.6142265e-01  -1.0560698e+00  -7.5523834e-01  -1.8747648e-01  -6.2812071e-01   1.0532888e+00
  -3.4803609e-01  -6.9747866e-01   6.2646823e-01   4.9668920e-01  -5.5554043e-01   6.9171534e-01   4.6148965e-01  -1.0560374e+00  -7.5519119e-01  -1.8740702e-01  -6.2819808e-01   1.0532670e+00
  -3.4806075e-01  -6.9758347e-01   6.2633777e-01   4.9673685e-01  -5.5560113e-01   6.9162756e-01   4.6154813e-01  -1.0560059e+00  -7.5513513e-01  -1.8734081e-01  -6.2828525e-01   1.0532460e+00
  -3.4807847e-01  -6.9769553e-01   6.2620310e-01   4.9678863e-01  -5.5566133e-01   6.9153326e-01   4.6161692e-01  -1.0559707e+00  -7.5508268e-01  -1.8727156e-01  -6.2836892e-01   1.0532243e+00
  -3.4807978e-01  -6.9780361e-01   6.2608193e-01   4.9684452e-01  -5.5572125e-01   6.9143902e-01   4.6168603e-01  -1.0559351e+00  -7.5503799e-01  -1.8721709e-01  -6.2843886e-01   1.0532062e+00
  -3.4810241e-01  -6.9791833e-01   6.2594149e-01   4.9689520e-01  -5.5578392e-01   6.9134300e-01   4.6175438e-01  -1.0559004e+00  -7.5498141e-01  -1.8714403e-01  -6.2852860e-01   1.0531836e+00
  -3.4811922e-01  -6.9803150e-01   6.2580593e-01   4.9694925e-01  -5.5584580e-01   6.9124721e-01   4.6182323e-01  -1.0558641e+00  -7.5492813e-01  -1.8707567e-01  -6.2861295e-01   1.0531622e+00
  -3.4815993e-01  -6.9826505e-01   6.2552265e-01   4.9705608e-01  -5.5598124e-01   6.9104869e-01   4.6195727e-01  -1.0557925e+00  -7.5480955e-01  -1.8693747e-01  -6.2879638e-01   1.0531203e+00
  -3.4818042e-01  -6.9837883e-01   6.2538418e-01   4.9710902e-01  -5.5604239e-01   6.9095322e-01   4.6202648e-01  -1.0557572e+00  -7.5475512e-01  -1.8686515e-01  -6.2888325e-01   1.0530976e+00
  -3.4821632e-01  -6.9848804e-01   6.2524224e-01   4.9715712e-01  -5.5609959e-01   6.9086496e-01   4.6208965e-01  -1.0557240e+00  -7.5469637e-01  -1.8678344e-01  -6.2897800e-01   1.0530711e+00
  -3.4823524e-01  -6.9860905e-01   6.2509652e-01   4.9720909e-01  -5.5616396e-01   6.9076305e-01   4.6216452e-01  -1.0556874e+00  -7.5464023e-01  -1.8670785e-01  -6.2906780e-01   1.0530470e+00
  -3.4826120e-01  -6.9871997e-01   6.2495800e-01   4.9726226e-01  -5.5622344e-01   6.9067106e-01   4.6223041e-01  -1.0556509e+00  -7.5458435e-01  -1.8663305e-01  -6.2915698e-01   1.0530231e+00
  -3.4827303e-01  -6.9884723e-01   6.2480913e-01   4.9732048e-01  -5.5629337e-01   6.9056181e-01   4.6230951e-01  -1.0556109e+00  -7.5452739e-01  -1.8656092e-01  -6.2924671e-01   1.0530032e+00
  -3.4829065e-01  -6.9895960e-01   6.2467358e-01   4.9737509e-01  -5.5635013e-01   6.9046783e-01   4.6238159e-01  -1.0555739e+00  -7.5447742e-01  -1.8648774e-01  -6.2932832e-01   1.0529781e+00
  -3.4828950e-01  -6.9907970e-01   6.2453983e-01   4.9743375e-01  -5.5641720e-01   6.9036211e-01   4.6245867e-01  -1.0555366e+00  -7.5442848e-01  -1.8642890e-01  -6.2940440e-01   1.0529575e+00
  -3.4830633e-01  -6.9920101e-01   6.2439462e-01   4.9749090e-01  -5.5648212e-01   6.9025932e-01   4.6253402e-01  -1.0554996e+00  -7.5437282e-01  -1.8635457e-01  -6.2949314e-01   1.0529337e+00
  -3.4830979e-01  -6.9932804e-01   6.2425039e-01   4.9755232e-01  -5.5655346e-01   6.9014820e-01   4.6261400e-01  -1.0554590e+00  -7.5431856e-01  -1.8628942e-01  -6.2957743e-01   1.0529133e+00
  -3.4833842e-01  -6.9944723e-01   6.2410090e-01   4.9760667e-01  -5.5662271e-01   6.9004803e-01   4.6268015e-01  -1.0554241e+00  -7.5425430e-01  -1.8621313e-01  -6.2967702e-01   1.0528880e+00
  -3.4836473e-01  -6.9956817e-01   6.2395065e-01   4.9766625e-01  -5.5669390e-01   6.8994558e-01   4.6274725e-01  -1.0553884e+00  -7.5418959e-01  -1.8613837e-01  -6.2977660e-01   1.0528631e+00
  -3.4841874e-01  -6.9980901e-01   6.2365031e-01   4.9777640e-01  -5.5682535e-01   6.8974435e-01   4.6288905e-01  -1.0553174e+00  -7.5406756e-01  -1.8597874e-01  -6.2996985e-01   1.0528081e+00
  -3.4844860e-01  -6.9994085e-01   6.2348567e-01   4.9783228e-01  -5.5689264e-01   6.8963534e-01   4.6297052e-01  -1.0552776e+00  -7.5400409e-01  -1.8588684e-01  -6.3007297e-01   1.0527783e+00
  -3.4846676e-01  -7.0006447e-01   6.2333668e-01   4.9789306e-01  -5.5696446e-01   6.8952912e-01   4.6304229e-01  -1.0552396e+00  -7.5394266e-01  -1.8581519e-01  -6.3016757e-01   1.0527540e+00
  -3.4847407e-01  -7.0020400e-01   6.2317590e-01   4.9795942e-01  -5.5704029e-01   6.8940812e-01   4.6313125e-01  -1.0551952e+00  -7.5388326e-01  -1.8573853e-01  -6.3026125e-01   1.0527310e+00
  -3.4848989e-01  -7.0033318e-01   6.2302185e-01   4.9801939e-01  -5.5710943e-01   6.8929792e-01   4.6321208e-01  -1.0551559e+00  -7.5382482e-01  -1.8566030e-01  -6.3035414e-01   1.0527041e+00
  -3.4850998e-01  -7.0045770e-01   6.2287063e-01   4.9808004e-01  -5.5717237e-01   6.8919354e-01   4.6329167e-01  -1.0551144e+00  -7.5376898e-01  -1.8557822e-01  -6.3044509e-01   1.0526770e+00
  -3.4853033e-01  -7.0059574e-01   6.2270399e-01   4.9814149e-01  -5.5725242e-01   6.8907486e-01   4.6337192e-01  -1.0550743e+00  -7.5370043e-01  -1.8549781e-01  -6.3055075e-01   1.0526515e+00
  -3.4853677e-01  -7.0072505e-01   6.2255486e-01   4.9820729e-01  -5.5731852e-01   6.8896351e-01   4.6345798e-01  -1.0550301e+00  -7.5364859e-01  -1.8542292e-01  -6.3063469e-01   1.0526275e+00
  -3.4855560e-01  -7.0084699e-01   6.2240698e-01   4.9826269e-01  -5.5736922e-01   6.8886371e-01   4.6354541e-01  -1.0549895e+00  -7.5360240e-01  -1.8533281e-01  -6.3071642e-01   1.0525961e+00
  -3.4858755e-01  -7.0097173e-01   6.2224867e-01   4.9831788e-01  -5.5743103e-01   6.8876149e-01   4.6362301e-01  -1.0549507e+00  -7.5354191e-01  -1.8524121e-01  -6.3081561e-01   1.0525639e+00
  -3.4863040e-01  -7.0110954e-01   6.2206933e-01   4.9837539e-01  -5.5750492e-01   6.8864846e-01   4.6370202e-01  -1.0549113e+00  -7.5346738e-01  -1.8513980e-01  -6.3093436e-01   1.0525309e+00
  -3.4870791e-01  -7.0137688e-01   6.2172443e-01   4.9849342e-01  -5.5765225e-01   6.8842709e-01   4.6385356e-01  -1.0548329e+00  -7.5332249e-01  -1.8495035e-01  -6.3116290e-01   1.0524677e+00
  -3.4875532e-01  -7.0151697e-01   6.2153978e-01   4.9855129e-01  -5.5772430e-01   6.8831354e-01   4.6393539e-01  -1.0547932e+00  -7.5324720e-01  -1.8484163e-01  -6.3128457e-01   1.0524310e+00
  -3.4876791e-01  -7.0165399e-01   6.2137802e-01   4.9861757e-01  -5.5779972e-01   6.8819503e-01   4.6402053e-01  -1.0547508e+00  -7.5318553e-01  -1.8476275e-01  -6.3138127e-01   1.0524038e+00
  -3.4879488e-01  -7.0179244e-01   6.2120648e-01   4.9868232e-01  -5.5787088e-01   6.8807913e-01   4.6410686e-01  -1.0547074e+00  -7.5312031e-01  -1.8466861e-01  -6.3148658e-01   1.0523716e+00
  -3.4880586e-01  -7.0192732e-01   6.2104790e-01   4.9874912e-01  -5.5793868e-01   6.8796369e-01   4.6419646e-01  -1.0546630e+00  -7.5306501e-01  -1.8458590e-01  -6.3157672e-01   1.0523413e+00
  -3.4883570e-01  -7.0205916e-01   6.2088210e-01   4.9880923e-01  -5.5800760e-01   6.8785376e-01   4.6427661e-01  -1.0546242e+00  -7.5300014e-01  -1.8449442e-01  -6.3168077e-01   1.0523087e+00
  -3.4885872e-01  -7.0219677e-01   6.2071351e-01   4.9887365e-01  -5.5807819e-01   6.8773770e-01   4.6436359e-01  -1.0545812e+00  -7.5293712e-01  -1.8440311e-01  -6.3178253e-01   1.0522781e+00
  -3.4887658e-01  -7.0234160e-01   6.2053961e-01   4.9894137e-01  -5.5815378e-01   6.8761413e-01   4.6445582e-01  -1.0545347e+00  -7.5287284e-01  -1.8431252e-01  -6.3188562e-01   1.0522474e+00
  -3.4890817e-01  -7.0246953e-01   6.2037704e-01   4.9899979e-01  -5.5821051e-01   6.8751025e-01   4.6454135e-01  -1.0544946e+00  -7.5281614e-01  -1.8421242e-01  -6.3198234e-01   1.0522108e+00
  -3.4894004e-01  -7.0260182e-01   6.2020929e-01   4.9906134e-01  -5.5826949e-01   6.8740261e-01   4.6462978e-01  -1.0544508e+00  -7.5275759e-01  -1.8410973e-01  -6.3208196e-01   1.0521739e+00
  -3.4896975e-01  -7.0275009e-01   6.2002459e-01   4.9912763e-01  -5.5834928e-01   6.8727744e-01   4.6471909e-01  -1.0544074e+00  -7.5268467e-01  -1.8401114e-01  -6.3219754e-01   1.0521399e+00
  -3.4900180e-01  -7.0289133e-01   6.1984635e-01   4.9919075e-01  -5.5841891e-01   6.8716037e-01   4.6480853e-01  -1.0543642e+00  -7.5261816e-01  -1.8390864e-01  -6.3230651e-01   1.0521048e+00
  -3.4906953e-01  -7.0317439e-01   6.1948704e-01   4.9932160e-01  -5.5856141e-01   6.8692561e-01   4.6498426e-01  -1.0542778e+00  -7.5248092e-01  -1.8370348e-01  -6.3252940e-01   1.0520303e+00
  -3.4912543e-01  -7.0331771e-01   6.1929287e-01   4.9938237e-01  -5.5862764e-01   6.8681208e-01   4.6507235e-01  -1.0542353e+00  -7.5240585e-01  -1.8357928e-01  -6.3265478e-01   1.0519864e+00
  -3.4915120e-01  -7.0346917e-01   6.1910625e-01   4.9945113e-01  -5.5871096e-01   6.8668269e-01   4.6516332e-01  -1.0541910e+00  -7.5233205e-01  -1.8348289e-01  -6.3277049e-01   1.0519533e+00
