  -2.7069317e-01  -7.6507733e-01   5.8433715e-01   5.2591402e-01  -4.6731117e-01   6.3511277e-01   6.1507725e-01  -1.0468384e+00  -8.4167301e-01  -1.0656644e-01  -5.2943189e-01   1.0762051e+00
  -2.7061015e-01  -7.6528067e-01   5.8410928e-01   5.2604113e-01  -4.6749016e-01   6.3486499e-01   6.1519708e-01  -1.0467525e+00  -8.4160032e-01  -1.0658318e-01  -5.2954409e-01   1.0762141e+00
  -2.7046384e-01  -7.6549420e-01   5.8389719e-01   5.2618816e-01  -4.6766573e-01   6.3459821e-01   6.1533882e-01  -1.0466543e+00  -8.4154984e-01  -1.0663819e-01  -5.2961325e-01   1.0762364e+00
  -2.7065716e-01  -7.6560639e-01   5.8366046e-01   5.2627083e-01  -4.6775200e-01   6.3449483e-01   6.1537984e-01  -1.0465862e+00  -8.4143971e-01  -1.0644779e-01  -5.2982647e-01   1.0761587e+00
  -2.7089994e-01  -7.6569380e-01   5.8343315e-01   5.2634197e-01  -4.6785286e-01   6.3442229e-01   6.1537797e-01  -1.0465326e+00  -8.4130551e-01  -1.0625139e-01  -5.3007898e-01   1.0760820e+00
  -2.7076430e-01  -7.6590456e-01   5.8321942e-01   5.2648183e-01  -4.6804192e-01   6.3415794e-01   6.1550666e-01  -1.0464400e+00  -8.4124402e-01  -1.0631029e-01  -5.3016473e-01   1.0761035e+00
  -2.7088681e-01  -7.6620528e-01   5.8276736e-01   5.2669091e-01  -4.6829230e-01   6.3382513e-01   6.1565898e-01  -1.0462871e+00  -8.4106519e-01  -1.0612795e-01  -5.3048486e-01   1.0760307e+00
  -2.7105947e-01  -7.6631396e-01   5.8254418e-01   5.2677665e-01  -4.6840544e-01   6.3371910e-01   6.1568213e-01  -1.0462262e+00  -8.4094655e-01  -1.0597681e-01  -5.3070312e-01   1.0759690e+00
  -2.7094378e-01  -7.6651552e-01   5.8233274e-01   5.2690838e-01  -4.6859848e-01   6.3346622e-01   6.1579545e-01  -1.0461388e+00  -8.4087631e-01  -1.0603066e-01  -5.3080365e-01   1.0759885e+00
  -2.7086261e-01  -7.6671882e-01   5.8210282e-01   5.2704487e-01  -4.6876978e-01   6.3321877e-01   6.1591958e-01  -1.0460407e+00  -8.4080692e-01  -1.0603904e-01  -5.3091187e-01   1.0759908e+00
  -2.7108218e-01  -7.6681491e-01   5.8187397e-01   5.2712804e-01  -4.6887438e-01   6.3313312e-01   6.1592795e-01  -1.0459757e+00  -8.4067782e-01  -1.0585512e-01  -5.3115294e-01   1.0759168e+00
  -2.7127391e-01  -7.6692556e-01   5.8163874e-01   5.2721027e-01  -4.6900631e-01   6.3302498e-01   6.1593870e-01  -1.0459165e+00  -8.4054242e-01  -1.0570053e-01  -5.3139802e-01   1.0758562e+00
  -2.7113983e-01  -7.6713342e-01   5.8142716e-01   5.2735282e-01  -4.6921555e-01   6.3276063e-01   6.1605095e-01  -1.0458229e+00  -8.4046890e-01  -1.0577510e-01  -5.3149945e-01   1.0758834e+00
  -2.7140013e-01  -7.6740304e-01   5.8094970e-01   5.2754595e-01  -4.6948471e-01   6.3247564e-01   6.1613855e-01  -1.0456729e+00  -8.4023453e-01  -1.0552333e-01  -5.3191989e-01   1.0757780e+00
  -2.7157924e-01  -7.6750107e-01   5.8073643e-01   5.2762966e-01  -4.6962010e-01   6.3237846e-01   6.1613512e-01  -1.0456130e+00  -8.4010104e-01  -1.0539240e-01  -5.3215670e-01   1.0757233e+00
  -2.7141591e-01  -7.6772928e-01   5.8051116e-01   5.2778049e-01  -4.6985364e-01   6.3208526e-01   6.1625789e-01  -1.0455139e+00  -8.4002320e-01  -1.0548946e-01  -5.3226027e-01   1.0757580e+00
  -2.7140342e-01  -7.6788981e-01   5.8030459e-01   5.2790088e-01  -4.6999481e-01   6.3189534e-01   6.1634496e-01  -1.0454239e+00  -8.3994828e-01  -1.0545840e-01  -5.3238468e-01   1.0757392e+00
  -2.7167486e-01  -7.6797283e-01   5.8006769e-01   5.2797571e-01  -4.7010672e-01   6.3182930e-01   6.1632735e-01  -1.0453631e+00  -8.3979784e-01  -1.0524949e-01  -5.3266323e-01   1.0756523e+00
  -2.7182231e-01  -7.6809075e-01   5.7984241e-01   5.2807283e-01  -4.7027978e-01   6.3170193e-01   6.1632587e-01  -1.0452996e+00  -8.3965326e-01  -1.0515345e-01  -5.3291010e-01   1.0756108e+00
  -2.7166984e-01  -7.6829881e-01   5.7963821e-01   5.2821837e-01  -4.7050574e-01   6.3143212e-01   6.1642994e-01  -1.0452061e+00  -8.3957603e-01  -1.0525408e-01  -5.3301193e-01   1.0756450e+00
  -2.7169611e-01  -7.6845815e-01   5.7941463e-01   5.2833665e-01  -4.7067216e-01   6.3124528e-01   6.1649422e-01  -1.0451193e+00  -8.3947419e-01  -1.0521171e-01  -5.3318062e-01   1.0756222e+00
  -2.7202733e-01  -7.6852123e-01   5.7917554e-01   5.2839730e-01  -4.7077661e-01   6.3120919e-01   6.1645142e-01  -1.0450694e+00  -8.3930837e-01  -1.0496711e-01  -5.3348982e-01   1.0755197e+00
  -2.7191321e-01  -7.6888003e-01   5.7875275e-01   5.2866616e-01  -4.7118154e-01   6.3076129e-01   6.1660052e-01  -1.0448918e+00  -8.3911808e-01  -1.0503223e-01  -5.3377624e-01   1.0755316e+00
  -2.7197221e-01  -7.6902869e-01   5.7852742e-01   5.2878292e-01  -4.7133425e-01   6.3059155e-01   6.1665733e-01  -1.0448028e+00  -8.3901318e-01  -1.0496257e-01  -5.3395479e-01   1.0754971e+00
  -2.7226074e-01  -7.6908683e-01   5.7831437e-01   5.2885157e-01  -4.7143109e-01   6.3055590e-01   6.1661979e-01  -1.0447480e+00  -8.3886518e-01  -1.0475048e-01  -5.3422892e-01   1.0754070e+00
  -2.7228177e-01  -7.6924425e-01   5.7809503e-01   5.2897389e-01  -4.7162798e-01   6.3036624e-01   6.1666320e-01  -1.0446696e+00  -8.3874771e-01  -1.0473610e-01  -5.3441620e-01   1.0753963e+00
  -2.7214363e-01  -7.6945178e-01   5.7788389e-01   5.2911590e-01  -4.7183554e-01   6.3010051e-01   6.1677596e-01  -1.0445758e+00  -8.3867575e-01  -1.0481094e-01  -5.3451435e-01   1.0754193e+00
  -2.7225986e-01  -7.6958466e-01   5.7765214e-01   5.2921653e-01  -4.7197617e-01   6.2995653e-01   6.1681543e-01  -1.0444987e+00  -8.3855894e-01  -1.0470042e-01  -5.3471931e-01   1.0753702e+00
  -2.7254634e-01  -7.6965374e-01   5.7742493e-01   5.2928954e-01  -4.7209748e-01   6.2990579e-01   6.1677440e-01  -1.0444449e+00  -8.3839757e-01  -1.0449769e-01  -5.3501195e-01   1.0752831e+00
  -2.7259584e-01  -7.6979601e-01   5.7721193e-01   5.2940198e-01  -4.7228722e-01   6.2973679e-01   6.1680174e-01  -1.0443727e+00  -8.3827463e-01  -1.0446869e-01  -5.3521022e-01   1.0752653e+00
  -2.7243761e-01  -7.7002318e-01   5.7698357e-01   5.2955252e-01  -4.7249615e-01   6.2944681e-01   6.1693768e-01  -1.0442701e+00  -8.3820827e-01  -1.0454197e-01  -5.3529981e-01   1.0752863e+00
  -2.7279077e-01  -7.7023349e-01   5.7653581e-01   5.2974150e-01  -4.7275690e-01   6.2923640e-01   6.1695253e-01  -1.0441314e+00  -8.3794634e-01  -1.0425877e-01  -5.3576489e-01   1.0751643e+00
  -2.7279022e-01  -7.7041849e-01   5.7628888e-01   5.2986736e-01  -4.7297212e-01   6.2901156e-01   6.1701689e-01  -1.0440490e+00  -8.3782511e-01  -1.0424887e-01  -5.3595645e-01   1.0751566e+00
  -2.7265871e-01  -7.7061645e-01   5.7608639e-01   5.3000794e-01  -4.7316859e-01   6.2875757e-01   6.1712512e-01  -1.0439552e+00  -8.3775695e-01  -1.0431787e-01  -5.3604953e-01   1.0751776e+00
  -2.7278988e-01  -7.7073963e-01   5.7585947e-01   5.3010726e-01  -4.7330041e-01   6.2862664e-01   6.1715736e-01  -1.0438805e+00  -8.3763981e-01  -1.0419669e-01  -5.3625612e-01   1.0751235e+00
  -2.7304639e-01  -7.7081807e-01   5.7563284e-01   5.3018414e-01  -4.7341593e-01   6.2856243e-01   6.1713421e-01  -1.0438238e+00  -8.3749089e-01  -1.0400393e-01  -5.3652600e-01   1.0750420e+00
  -2.7300242e-01  -7.7099751e-01   5.7541338e-01   5.3031628e-01  -4.7361225e-01   6.2833974e-01   6.1721038e-01  -1.0437361e+00  -8.3739427e-01  -1.0401937e-01  -5.3667388e-01   1.0750422e+00
  -2.7285078e-01  -7.7121106e-01   5.7519904e-01   5.3046743e-01  -4.7381303e-01   6.2806544e-01   6.1733542e-01  -1.0436329e+00  -8.3733011e-01  -1.0409277e-01  -5.3675973e-01   1.0750650e+00
  -2.7327341e-01  -7.7140891e-01   5.7473293e-01   5.3063836e-01  -4.7405865e-01   6.2787885e-01   6.1733662e-01  -1.0435055e+00  -8.3705319e-01  -1.0375184e-01  -5.3725741e-01   1.0749177e+00
  -2.7322080e-01  -7.7159949e-01   5.7450208e-01   5.3077292e-01  -4.7428069e-01   6.2763955e-01   6.1740944e-01  -1.0434179e+00  -8.3694455e-01  -1.0378265e-01  -5.3742066e-01   1.0749264e+00
  -2.7310516e-01  -7.7182147e-01   5.7425886e-01   5.3092309e-01  -4.7449112e-01   6.2735939e-01   6.1753245e-01  -1.0433130e+00  -8.3686304e-01  -1.0382593e-01  -5.3753922e-01   1.0749414e+00
  -2.7330921e-01  -7.7192029e-01   5.7402886e-01   5.3101298e-01  -4.7460647e-01   6.2726600e-01   6.1753874e-01  -1.0432435e+00  -8.3673101e-01  -1.0365527e-01  -5.3777765e-01   1.0748653e+00
  -2.7353841e-01  -7.7201978e-01   5.7378584e-01   5.3109637e-01  -4.7475238e-01   6.2717145e-01   6.1752261e-01  -1.0431819e+00  -8.3657333e-01  -1.0348650e-01  -5.3805542e-01   1.0747958e+00
  -2.7344761e-01  -7.7222472e-01   5.7355324e-01   5.3124210e-01  -4.7498061e-01   6.2691045e-01   6.1761210e-01  -1.0430851e+00  -8.3647342e-01  -1.0353858e-01  -5.3820068e-01   1.0748138e+00
  -2.7342427e-01  -7.7241471e-01   5.7330854e-01   5.3136723e-01  -4.7516399e-01   6.2668003e-01   6.1770489e-01  -1.0429923e+00  -8.3637694e-01  -1.0351655e-01  -5.3835486e-01   1.0748018e+00
  -2.7367216e-01  -7.7250263e-01   5.7307177e-01   5.3144516e-01  -4.7527744e-01   6.2660425e-01   6.1769443e-01  -1.0429296e+00  -8.3623136e-01  -1.0331881e-01  -5.3861890e-01   1.0747161e+00
  -2.7380190e-01  -7.7279042e-01   5.7262155e-01   5.3166649e-01  -4.7563955e-01   6.2626646e-01   6.1775829e-01  -1.0427746e+00  -8.3598296e-01  -1.0321453e-01  -5.3902431e-01   1.0746623e+00
  -2.7379559e-01  -7.7296651e-01   5.7238691e-01   5.3178918e-01  -4.7581758e-01   6.2605366e-01   6.1783691e-01  -1.0426805e+00  -8.3588375e-01  -1.0318720e-01  -5.3918342e-01   1.0746442e+00
  -2.7401505e-01  -7.7306195e-01   5.7215291e-01   5.3187978e-01  -4.7595883e-01   6.2596243e-01   6.1782060e-01  -1.0426107e+00  -8.3573139e-01  -1.0302560e-01  -5.3945045e-01   1.0745736e+00
  -2.7420349e-01  -7.7317908e-01   5.7190432e-01   5.3197616e-01  -4.7613292e-01   6.2583953e-01   6.1781092e-01  -1.0425404e+00  -8.3557043e-01  -1.0289304e-01  -5.3972503e-01   1.0745183e+00
  -2.7413733e-01  -7.7337167e-01   5.7167558e-01   5.3211575e-01  -4.7636326e-01   6.2559429e-01   6.1788178e-01  -1.0424466e+00  -8.3546080e-01  -1.0293726e-01  -5.3988627e-01   1.0745300e+00
  -2.7416008e-01  -7.7354218e-01   5.7143393e-01   5.3223584e-01  -4.7655850e-01   6.2538888e-01   6.1793909e-01  -1.0423553e+00  -8.3534199e-01  -1.0290395e-01  -5.4007642e-01   1.0745112e+00
  -2.7441380e-01  -7.7362661e-01   5.7119782e-01   5.3231427e-01  -4.7669277e-01   6.2531483e-01   6.1791046e-01  -1.0422948e+00  -8.3518204e-01  -1.0271927e-01  -5.4035884e-01   1.0744277e+00
  -2.7458828e-01  -7.7373243e-01   5.7097058e-01   5.3240432e-01  -4.7684334e-01   6.2520501e-01   6.1790538e-01  -1.0422272e+00  -8.3503874e-01  -1.0259043e-01  -5.4060475e-01   1.0743684e+00
  -2.7455977e-01  -7.7408279e-01   5.7050919e-01   5.3265878e-01  -4.7723656e-01   6.2477354e-01   6.1803823e-01  -1.0420366e+00  -8.3482344e-01  -1.0257593e-01  -5.4093991e-01   1.0743507e+00
  -2.7481274e-01  -7.7417430e-01   5.7026323e-01   5.3274203e-01  -4.7736582e-01   6.2469224e-01   6.1802061e-01  -1.0419682e+00  -8.3466630e-01  -1.0238074e-01  -5.4121933e-01   1.0742647e+00
  -2.7495675e-01  -7.7429005e-01   5.7003656e-01   5.3283910e-01  -4.7753612e-01   6.2456494e-01   6.1801771e-01  -1.0419000e+00  -8.3452147e-01  -1.0228141e-01  -5.4146144e-01   1.0742162e+00
  -2.7486890e-01  -7.7449001e-01   5.6980727e-01   5.3297974e-01  -4.7776440e-01   6.2430847e-01   6.1810044e-01  -1.0418023e+00  -8.3441975e-01  -1.0233356e-01  -5.4160831e-01   1.0742309e+00
  -2.7494982e-01  -7.7463871e-01   5.6956601e-01   5.3308913e-01  -4.7793248e-01   6.2413725e-01   6.1814338e-01  -1.0417199e+00  -8.3429681e-01  -1.0225223e-01  -5.4181298e-01   1.0741908e+00
  -2.7521095e-01  -7.7472829e-01   5.6931807e-01   5.3317043e-01  -4.7805972e-01   6.2405919e-01   6.1812380e-01  -1.0416560e+00  -8.3413779e-01  -1.0205014e-01  -5.4209586e-01   1.0741051e+00
  -2.7531942e-01  -7.7485365e-01   5.6909495e-01   5.3327319e-01  -4.7823947e-01   6.2391549e-01   6.1812987e-01  -1.0415855e+00  -8.3399897e-01  -1.0197703e-01  -5.4232319e-01   1.0740675e+00
  -2.7534128e-01  -7.7520437e-01   5.6860649e-01   5.3352380e-01  -4.7862275e-01   6.2349034e-01   6.1826214e-01  -1.0414028e+00  -8.3377182e-01  -1.0191145e-01  -5.4268462e-01   1.0740321e+00
  -2.7561317e-01  -7.7529846e-01   5.6834645e-01   5.3360134e-01  -4.7875785e-01   6.2340765e-01   6.1824088e-01  -1.0413403e+00  -8.3360438e-01  -1.0170158e-01  -5.4298113e-01   1.0739429e+00
  -2.7568627e-01  -7.7543750e-01   5.6812126e-01   5.3371139e-01  -4.7893659e-01   6.2324431e-01   6.1826714e-01  -1.0412655e+00  -8.3347753e-01  -1.0164281e-01  -5.4318683e-01   1.0739131e+00
  -2.7557803e-01  -7.7564298e-01   5.6789326e-01   5.3385447e-01  -4.7913601e-01   6.2298191e-01   6.1837706e-01  -1.0411627e+00  -8.3339869e-01  -1.0168352e-01  -5.4330013e-01   1.0739218e+00
  -2.7569598e-01  -7.7578180e-01   5.6764632e-01   5.3395735e-01  -4.7928323e-01   6.2282843e-01   6.1841761e-01  -1.0410828e+00  -8.3327506e-01  -1.0156466e-01  -5.4351200e-01   1.0738688e+00
  -2.7590777e-01  -7.7587928e-01   5.6741009e-01   5.3404866e-01  -4.7942354e-01   6.2273320e-01   6.1840476e-01  -1.0410152e+00  -8.3312421e-01  -1.0140361e-01  -5.4377326e-01   1.0737970e+00
  -2.7595688e-01  -7.7603366e-01   5.6717505e-01   5.3416207e-01  -4.7960060e-01   6.2254989e-01   6.1845200e-01  -1.0409362e+00  -8.3300602e-01  -1.0134795e-01  -5.4396466e-01   1.0737703e+00
  -2.7586138e-01  -7.7623756e-01   5.6694250e-01   5.3430427e-01  -4.7979835e-01   6.2229076e-01   6.1855939e-01  -1.0408359e+00  -8.3292379e-01  -1.0137799e-01  -5.4408495e-01   1.0737759e+00
  -2.7601453e-01  -7.7636009e-01   5.6670008e-01   5.3440048e-01  -4.7994764e-01   6.2215916e-01   6.1857595e-01  -1.0407642e+00  -8.3278701e-01  -1.0124696e-01  -5.4431868e-01   1.0737173e+00
  -2.7627281e-01  -7.7645220e-01   5.6644796e-01   5.3447423e-01  -4.8006917e-01   6.2207814e-01   6.1856317e-01  -1.0407057e+00  -8.3263133e-01  -1.0103857e-01  -5.4459555e-01   1.0736263e+00
  -2.7623565e-01  -7.7681375e-01   5.6597021e-01   5.3473511e-01  -4.8047186e-01   6.2162935e-01   6.1870171e-01  -1.0405248e+00  -8.3241132e-01  -1.0102187e-01  -5.4493482e-01   1.0736072e+00
  -2.7636533e-01  -7.7694310e-01   5.6572926e-01   5.3483788e-01  -4.8061015e-01   6.2148828e-01   6.1873596e-01  -1.0404466e+00  -8.3228843e-01  -1.0089464e-01  -5.4514603e-01   1.0735501e+00
  -2.7659088e-01  -7.7703743e-01   5.6548945e-01   5.3492296e-01  -4.8074139e-01   6.2139908e-01   6.1872361e-01  -1.0403831e+00  -8.3213774e-01  -1.0071745e-01  -5.4540882e-01   1.0734717e+00
  -2.7659640e-01  -7.7720641e-01   5.6525445e-01   5.3504430e-01  -4.8093716e-01   6.2119119e-01   6.1878024e-01  -1.0402993e+00  -8.3202275e-01  -1.0069608e-01  -5.4558816e-01   1.0734554e+00
  -2.7654475e-01  -7.7739463e-01   5.6502087e-01   5.3517720e-01  -4.8113708e-01   6.2095407e-01   6.1886277e-01  -1.0402051e+00  -8.3192430e-01  -1.0070581e-01  -5.4573643e-01   1.0734533e+00
  -2.7670052e-01  -7.7752295e-01   5.6476797e-01   5.3528150e-01  -4.8128892e-01   6.2081574e-01   6.1888354e-01  -1.0401253e+00  -8.3178472e-01  -1.0056774e-01  -5.4597466e-01   1.0733915e+00
  -2.7690879e-01  -7.7763132e-01   5.6451661e-01   5.3537187e-01  -4.8143158e-01   6.2070729e-01   6.1888135e-01  -1.0400558e+00  -8.3163281e-01  -1.0039902e-01  -5.4623705e-01   1.0733171e+00
  -2.7690072e-01  -7.7780511e-01   5.6428117e-01   5.3550113e-01  -4.8163579e-01   6.2049101e-01   6.1893928e-01  -1.0399667e+00  -8.3151726e-01  -1.0038983e-01  -5.4641458e-01   1.0733083e+00
  -2.7687291e-01  -7.7799646e-01   5.6403094e-01   5.3563398e-01  -4.8183727e-01   6.2025304e-01   6.1902097e-01  -1.0398733e+00  -8.3140982e-01  -1.0037756e-01  -5.4658036e-01   1.0732954e+00
  -2.7722884e-01  -7.7822072e-01   5.6354651e-01   5.3582530e-01  -4.8212232e-01   6.2001953e-01   6.1903294e-01  -1.0397267e+00  -8.3112589e-01  -1.0008116e-01  -5.4706626e-01   1.0731613e+00
  -2.7720033e-01  -7.7841252e-01   5.6329560e-01   5.3595777e-01  -4.8233566e-01   6.1977936e-01   6.1910727e-01  -1.0396333e+00  -8.3101160e-01  -1.0007740e-01  -5.4724054e-01   1.0731533e+00
  -2.7718764e-01  -7.7859131e-01   5.6305467e-01   5.3608672e-01  -4.8251765e-01   6.1955919e-01   6.1918585e-01  -1.0395382e+00  -8.3091016e-01  -1.0004976e-01  -5.4739961e-01   1.0731370e+00
  -2.7738781e-01  -7.7871007e-01   5.6279183e-01   5.3618076e-01  -4.8266829e-01   6.1943695e-01   6.1919076e-01  -1.0394641e+00  -8.3075590e-01  -9.9882423e-02  -5.4766430e-01   1.0730642e+00
  -2.7755793e-01  -7.7882692e-01   5.6254616e-01   5.3627478e-01  -4.8282292e-01   6.1931228e-01   6.1919490e-01  -1.0393980e+00  -8.3060919e-01  -9.9744317e-02  -5.4791190e-01   1.0730017e+00
  -2.7757476e-01  -7.7900027e-01   5.6229782e-01   5.3639586e-01  -4.8302641e-01   6.1909921e-01   6.1924926e-01  -1.0393133e+00  -8.3048527e-01  -9.9713367e-02  -5.4810539e-01   1.0729837e+00
  -2.7759734e-01  -7.7917502e-01   5.6204447e-01   5.3651693e-01  -4.8320523e-01   6.1888821e-01   6.1932068e-01  -1.0392242e+00  -8.3037367e-01  -9.9657663e-02  -5.4828452e-01   1.0729566e+00
  -2.7781069e-01  -7.7928636e-01   5.6178465e-01   5.3660708e-01  -4.8334649e-01   6.1877678e-01   6.1932178e-01  -1.0391535e+00  -8.3022007e-01  -9.9479078e-02  -5.4854950e-01   1.0728813e+00
  -2.7798313e-01  -7.7941338e-01   5.6152304e-01   5.3670059e-01  -4.8350283e-01   6.1864074e-01   6.1933564e-01  -1.0390843e+00  -8.3007131e-01  -9.9329745e-02  -5.4880162e-01   1.0728174e+00
  -2.7796026e-01  -7.7959694e-01   5.6127950e-01   5.3682655e-01  -4.8369693e-01   6.1841198e-01   6.1941257e-01  -1.0389932e+00  -8.2996591e-01  -9.9313685e-02  -5.4896396e-01   1.0728071e+00
  -2.7821273e-01  -7.7988341e-01   5.6075624e-01   5.3702967e-01  -4.8400219e-01   6.1809255e-01   6.1949292e-01  -1.0388355e+00  -8.2970329e-01  -9.9053039e-02  -5.4940781e-01   1.0726955e+00
  -2.7834683e-01  -7.8001183e-01   5.6051106e-01   5.3712990e-01  -4.8415167e-01   6.1795050e-01   6.1951783e-01  -1.0387611e+00  -8.2957108e-01  -9.8928181e-02  -5.4962988e-01   1.0726431e+00
  -2.7834162e-01  -7.8020236e-01   5.6024836e-01   5.3724924e-01  -4.8434377e-01   6.1771618e-01   6.1960133e-01  -1.0386723e+00  -8.2946070e-01  -9.8888598e-02  -5.4980356e-01   1.0726255e+00
  -2.7836978e-01  -7.8036857e-01   5.6000283e-01   5.3736877e-01  -4.8450452e-01   6.1751690e-01   6.1967429e-01  -1.0385825e+00  -8.2935738e-01  -9.8821993e-02  -5.4997142e-01   1.0725959e+00
  -2.7862142e-01  -7.8047756e-01   5.5972574e-01   5.3744685e-01  -4.8462483e-01   6.1741511e-01   6.1968161e-01  -1.0385161e+00  -8.2920253e-01  -9.8597071e-02  -5.5024517e-01   1.0725030e+00
  -2.7873898e-01  -7.8061277e-01   5.5947861e-01   5.3754838e-01  -4.8478079e-01   6.1726232e-01   6.1971186e-01  -1.0384408e+00  -8.2907188e-01  -9.8483253e-02  -5.5046241e-01   1.0724519e+00
  -2.7871000e-01  -7.8080438e-01   5.5922562e-01   5.3767939e-01  -4.8498529e-01   6.1702196e-01   6.1979125e-01  -1.0383473e+00  -8.2896201e-01  -9.8470825e-02  -5.5063006e-01   1.0724447e+00
  -2.7878466e-01  -7.8096350e-01   5.5896613e-01   5.3778810e-01  -4.8513768e-01   6.1683724e-01   6.1985586e-01  -1.0382625e+00  -8.2884771e-01  -9.8365903e-02  -5.5082085e-01   1.0723990e+00
  -2.7901852e-01  -7.8107643e-01   5.5869155e-01   5.3787079e-01  -4.8526705e-01   6.1672732e-01   6.1986392e-01  -1.0381951e+00  -8.2869327e-01  -9.8157768e-02  -5.5109028e-01   1.0723145e+00
  -2.7912414e-01  -7.8121882e-01   5.5843968e-01   5.3797509e-01  -4.8543762e-01   6.1656304e-01   6.1989382e-01  -1.0381199e+00  -8.2855778e-01  -9.8057008e-02  -5.5131191e-01   1.0722705e+00
  -2.7917964e-01  -7.8157563e-01   5.5791235e-01   5.3821919e-01  -4.8579442e-01   6.1613179e-01   6.2004306e-01  -1.0379352e+00  -8.2832992e-01  -9.7923971e-02  -5.5167781e-01   1.0722102e+00
  -2.7940295e-01  -7.8167152e-01   5.5766622e-01   5.3830006e-01  -4.8591477e-01   6.1604032e-01   6.2003963e-01  -1.0378727e+00  -8.2818406e-01  -9.7734007e-02  -5.5193044e-01   1.0721286e+00
  -2.7950450e-01  -7.8182670e-01   5.5739777e-01   5.3840646e-01  -4.8608990e-01   6.1586043e-01   6.2008108e-01  -1.0377939e+00  -8.2804701e-01  -9.7626697e-02  -5.5215506e-01   1.0720834e+00
  -2.7950298e-01  -7.8202046e-01   5.5712665e-01   5.3853348e-01  -4.8628302e-01   6.1562182e-01   6.2016656e-01  -1.0376987e+00  -8.2793411e-01  -9.7579500e-02  -5.5233263e-01   1.0720628e+00
  -2.7962898e-01  -7.8216808e-01   5.5685611e-01   5.3864023e-01  -4.8644584e-01   6.1545483e-01   6.2020469e-01  -1.0376144e+00  -8.2779592e-01  -9.7449841e-02  -5.5256261e-01   1.0720088e+00
  -2.7982400e-01  -7.8228621e-01   5.5659216e-01   5.3873059e-01  -4.8658477e-01   6.1533246e-01   6.2021711e-01  -1.0375430e+00  -8.2764838e-01  -9.7274374e-02  -5.5281451e-01   1.0719329e+00
  -2.7987070e-01  -7.8245210e-01   5.5633545e-01   5.3885046e-01  -4.8676498e-01   6.1513247e-01   6.2027406e-01  -1.0374554e+00  -8.2752657e-01  -9.7204826e-02  -5.5300905e-01   1.0718988e+00
  -2.7982662e-01  -7.8264743e-01   5.5608276e-01   5.3898743e-01  -4.8695775e-01   6.1488623e-01   6.2036692e-01  -1.0373549e+00  -8.2742805e-01  -9.7190292e-02  -5.5315898e-01   1.0718868e+00
  -2.7995685e-01  -7.8278705e-01   5.5582068e-01   5.3909259e-01  -4.8710943e-01   6.1472967e-01   6.2040295e-01  -1.0372693e+00  -8.2729473e-01  -9.7056154e-02  -5.5338190e-01   1.0718288e+00
  -2.8015560e-01  -7.8289006e-01   5.5557539e-01   5.3918086e-01  -4.8724795e-01   6.1462448e-01   6.2039844e-01  -1.0372027e+00  -8.2714588e-01  -9.6891551e-02  -5.5363319e-01   1.0717546e+00
  -2.8024667e-01  -7.8322130e-01   5.5506232e-01   5.3941702e-01  -4.8762899e-01   6.1422164e-01   6.2049800e-01  -1.0370297e+00  -8.2689041e-01  -9.6768717e-02  -5.5403616e-01   1.0716923e+00
  -2.8039481e-01  -7.8336105e-01   5.5479028e-01   5.3952133e-01  -4.8779833e-01   6.1406496e-01   6.2051995e-01  -1.0369516e+00  -8.2674031e-01  -9.6631927e-02  -5.5428398e-01   1.0716289e+00
  -2.8059554e-01  -7.8348413e-01   5.5451487e-01   5.3962071e-01  -4.8795905e-01   6.1393468e-01   6.2052248e-01  -1.0368761e+00  -8.2657732e-01  -9.6461436e-02  -5.5455666e-01   1.0715549e+00
  -2.8060355e-01  -7.8366838e-01   5.5425038e-01   5.3975482e-01  -4.8817730e-01   6.1370402e-01   6.2057900e-01  -1.0367808e+00  -8.2644577e-01  -9.6432486e-02  -5.5475778e-01   1.0715368e+00
  -2.8059121e-01  -7.8385701e-01   5.5398987e-01   5.3989140e-01  -4.8838288e-01   6.1346717e-01   6.2065141e-01  -1.0366806e+00  -8.2632845e-01  -9.6406610e-02  -5.5493697e-01   1.0715199e+00
  -2.8076801e-01  -7.8397981e-01   5.5372647e-01   5.3998880e-01  -4.8853097e-01   6.1333542e-01   6.2066512e-01  -1.0366012e+00  -8.2618090e-01  -9.6246361e-02  -5.5518449e-01   1.0714473e+00
  -2.8093935e-01  -7.8410273e-01   5.5346541e-01   5.4008687e-01  -4.8869827e-01   6.1320047e-01   6.2066672e-01  -1.0365266e+00  -8.2602366e-01  -9.6104638e-02  -5.5544291e-01   1.0713814e+00
  -2.8095245e-01  -7.8426843e-01   5.5322396e-01   5.4021305e-01  -4.8889769e-01   6.1299312e-01   6.2071451e-01  -1.0364368e+00  -8.2590120e-01  -9.6075381e-02  -5.5563003e-01   1.0713616e+00
  -2.8098894e-01  -7.8443137e-01   5.5297436e-01   5.4033422e-01  -4.8907181e-01   6.1279478e-01   6.2077320e-01  -1.0363421e+00  -8.2578569e-01  -9.6010501e-02  -5.5581292e-01   1.0713264e+00
  -2.8131721e-01  -7.8467591e-01   5.5246030e-01   5.4053537e-01  -4.8938589e-01   6.1252645e-01   6.2079044e-01  -1.0361869e+00  -8.2548782e-01  -9.5723988e-02  -5.5630461e-01   1.0711910e+00
  -2.8130881e-01  -7.8487138e-01   5.5218683e-01   5.4067373e-01  -4.8960769e-01   6.1227996e-01   6.2085871e-01  -1.0360863e+00  -8.2535908e-01  -9.5698620e-02  -5.5649989e-01   1.0711730e+00
  -2.8133629e-01  -7.8504241e-01   5.5192964e-01   5.4080225e-01  -4.8979066e-01   6.1206993e-01   6.2092148e-01  -1.0359882e+00  -8.2524117e-01  -9.5638977e-02  -5.5668498e-01   1.0711412e+00
  -2.8150053e-01  -7.8517160e-01   5.5166209e-01   5.4090799e-01  -4.8995145e-01   6.1192734e-01   6.2093518e-01  -1.0359080e+00  -8.2508969e-01  -9.5490799e-02  -5.5693489e-01   1.0710732e+00
  -2.8166908e-01  -7.8529458e-01   5.5140091e-01   5.4100642e-01  -4.9011545e-01   6.1179186e-01   6.2093925e-01  -1.0358342e+00  -8.2493478e-01  -9.5347482e-02  -5.5718888e-01   1.0710083e+00
  -2.8169240e-01  -7.8548236e-01   5.5112147e-01   5.4113514e-01  -4.9033190e-01   6.1155837e-01   6.2099836e-01  -1.0357386e+00  -8.2479819e-01  -9.5298645e-02  -5.5739943e-01   1.0709846e+00
  -2.8178242e-01  -7.8563678e-01   5.5085525e-01   5.4124645e-01  -4.9050936e-01   6.1137555e-01   6.2103824e-01  -1.0356537e+00  -8.2466189e-01  -9.5198751e-02  -5.5761812e-01   1.0709350e+00
  -2.8199899e-01  -7.8573085e-01   5.5061024e-01   5.4133153e-01  -4.9064432e-01   6.1128208e-01   6.2102366e-01  -1.0355843e+00  -8.2450754e-01  -9.5022525e-02  -5.5787633e-01   1.0708549e+00
  -2.8218815e-01  -7.8604534e-01   5.5006416e-01   5.4155335e-01  -4.9101215e-01   6.1090940e-01   6.2109964e-01  -1.0354148e+00  -8.2422381e-01  -9.4818010e-02  -5.5833022e-01   1.0707594e+00
  -2.8227100e-01  -7.8620243e-01   5.4979709e-01   5.4166820e-01  -4.9118713e-01   6.1072260e-01   6.2114501e-01  -1.0353252e+00  -8.2409122e-01  -9.4718834e-02  -5.5854279e-01   1.0707140e+00
  -2.8246830e-01  -7.8632545e-01   5.4951976e-01   5.4175924e-01  -4.9133736e-01   6.1059195e-01   6.2115465e-01  -1.0352517e+00  -8.2393402e-01  -9.4539886e-02  -5.5880493e-01   1.0706350e+00
  -2.8259672e-01  -7.8646645e-01   5.4925187e-01   5.4186574e-01  -4.9150883e-01   6.1042948e-01   6.2117863e-01  -1.0351673e+00  -8.2378768e-01  -9.4415896e-02  -5.5904157e-01   1.0705791e+00
  -2.8263450e-01  -7.8663721e-01   5.4898779e-01   5.4198466e-01  -4.9170036e-01   6.1021922e-01   6.2123364e-01  -1.0350756e+00  -8.2366043e-01  -9.4352211e-02  -5.5923982e-01   1.0705472e+00
  -2.8273869e-01  -7.8677625e-01   5.4873489e-01   5.4208882e-01  -4.9185491e-01   6.1005772e-01   6.2126994e-01  -1.0349893e+00  -8.2353238e-01  -9.4237747e-02  -5.5944763e-01   1.0704936e+00
  -2.8291795e-01  -7.8689144e-01   5.4847722e-01   5.4218899e-01  -4.9200316e-01   6.0993351e-01   6.2127452e-01  -1.0349060e+00  -8.2338225e-01  -9.4079619e-02  -5.5969521e-01   1.0704221e+00
  -2.8303696e-01  -7.8703871e-01   5.4820449e-01   5.4229350e-01  -4.9217962e-01   6.0976187e-01   6.2130322e-01  -1.0348221e+00  -8.2323588e-01  -9.3960105e-02  -5.5993053e-01   1.0703634e+00
  -2.8306331e-01  -7.8719699e-01   5.4796356e-01   5.4241661e-01  -4.9237281e-01   6.0956380e-01   6.2134449e-01  -1.0347313e+00  -8.2311128e-01  -9.3919374e-02  -5.6012050e-01   1.0703381e+00
  -2.8343858e-01  -7.8745488e-01   5.4739872e-01   5.4261239e-01  -4.9271249e-01   6.0928107e-01   6.2135259e-01  -1.0345688e+00  -8.2277881e-01  -9.3591705e-02  -5.6066356e-01   1.0701892e+00
  -2.8355492e-01  -7.8759843e-01   5.4713186e-01   5.4272406e-01  -4.9291035e-01   6.0911055e-01   6.2136279e-01  -1.0344835e+00  -8.2262024e-01  -9.3493274e-02  -5.6091264e-01   1.0701409e+00
  -2.8358975e-01  -7.8777330e-01   5.4686206e-01   5.4285021e-01  -4.9312877e-01   6.0889165e-01   6.2140403e-01  -1.0343858e+00  -8.2247729e-01  -9.3446428e-02  -5.6113002e-01   1.0701121e+00
  -2.8374442e-01  -7.8791270e-01   5.4658094e-01   5.4295862e-01  -4.9331315e-01   6.0873220e-01   6.2141388e-01  -1.0342946e+00  -8.2231331e-01  -9.3309670e-02  -5.6139298e-01   1.0700465e+00
  -2.8396613e-01  -7.8802485e-01   5.4630405e-01   5.4305636e-01  -4.9348509e-01   6.0861381e-01   6.2139340e-01  -1.0342132e+00  -8.2213362e-01  -9.3135042e-02  -5.6168512e-01   1.0699649e+00
  -2.8405974e-01  -7.8816296e-01   5.4605604e-01   5.4316986e-01  -4.9369189e-01   6.0844528e-01   6.2139414e-01  -1.0341282e+00  -8.2197707e-01  -9.3067243e-02  -5.6192539e-01   1.0699242e+00
  -2.8411181e-01  -7.8832511e-01   5.4579485e-01   5.4329198e-01  -4.9390594e-01   6.0824323e-01   6.2142186e-01  -1.0340357e+00  -8.2183051e-01  -9.3014862e-02  -5.6214844e-01   1.0698913e+00
  -2.8430628e-01  -7.8844574e-01   5.4551926e-01   5.4338732e-01  -4.9407559e-01   6.0811165e-01   6.2141576e-01  -1.0339542e+00  -8.2166126e-01  -9.2852236e-02  -5.6242265e-01   1.0698114e+00
  -2.8456584e-01  -7.8869572e-01   5.4502234e-01   5.4360523e-01  -4.9444705e-01   6.0781820e-01   6.2140736e-01  -1.0337869e+00  -8.2134793e-01  -9.2650206e-02  -5.6291341e-01   1.0696979e+00
  -2.8457702e-01  -7.8887992e-01   5.4474982e-01   5.4374557e-01  -4.9468179e-01   6.0758313e-01   6.2145047e-01  -1.0336817e+00  -8.2120267e-01  -9.2624144e-02  -5.6312959e-01   1.0696723e+00
  -2.8470037e-01  -7.8900746e-01   5.4450062e-01   5.4386580e-01  -4.9486765e-01   6.0743253e-01   6.2144975e-01  -1.0335875e+00  -8.2104794e-01  -9.2525590e-02  -5.6337139e-01   1.0696181e+00
  -2.8488520e-01  -7.8912680e-01   5.4423092e-01   5.4396880e-01  -4.9505178e-01   6.0729923e-01   6.2143332e-01  -1.0335064e+00  -8.2087281e-01  -9.2382202e-02  -5.6365002e-01   1.0695467e+00
  -2.8496104e-01  -7.8928064e-01   5.4396808e-01   5.4409094e-01  -4.9526686e-01   6.0710914e-01   6.2144768e-01  -1.0334160e+00  -8.2071672e-01  -9.2317876e-02  -5.6388781e-01   1.0695061e+00
  -2.8503087e-01  -7.8944288e-01   5.4369597e-01   5.4421221e-01  -4.9548175e-01   6.0690851e-01   6.2147239e-01  -1.0333249e+00  -8.2056278e-01  -9.2249467e-02  -5.6412304e-01   1.0694670e+00
  -2.8522649e-01  -7.8955938e-01   5.4342415e-01   5.4430932e-01  -4.9565666e-01   6.0678080e-01   6.2145759e-01  -1.0332471e+00  -8.2038913e-01  -9.2092476e-02  -5.6440115e-01   1.0693899e+00
  -2.8539645e-01  -7.8968137e-01   5.4315760e-01   5.4441392e-01  -4.9583340e-01   6.0664325e-01   6.2145092e-01  -1.0331643e+00  -8.2022322e-01  -9.1952689e-02  -5.6466504e-01   1.0693180e+00
  -2.8550426e-01  -7.8998903e-01   5.4265331e-01   5.4466251e-01  -4.9623068e-01   6.0626037e-01   6.2150745e-01  -1.0329731e+00  -8.1994539e-01  -9.1835096e-02  -5.6508750e-01   1.0692381e+00
  -2.8569724e-01  -7.9010496e-01   5.4238292e-01   5.4476231e-01  -4.9640603e-01   6.0613268e-01   6.2149192e-01  -1.0328947e+00  -8.1977201e-01  -9.1680486e-02  -5.6536407e-01   1.0691593e+00
  -2.8584626e-01  -7.9023160e-01   5.4211983e-01   5.4487070e-01  -4.9658301e-01   6.0598682e-01   6.2149279e-01  -1.0328085e+00  -8.1961287e-01  -9.1552989e-02  -5.6561541e-01   1.0690944e+00
  -2.8589838e-01  -7.9038954e-01   5.4186203e-01   5.4499656e-01  -4.9680687e-01   6.0578742e-01   6.2150830e-01  -1.0327157e+00  -8.1945897e-01  -9.1509424e-02  -5.6584539e-01   1.0690633e+00
  -2.8595411e-01  -7.9055240e-01   5.4159498e-01   5.4512580e-01  -4.9702072e-01   6.0558381e-01   6.2153574e-01  -1.0326177e+00  -8.1930984e-01  -9.1450133e-02  -5.6607088e-01   1.0690234e+00
  -2.8612502e-01  -7.9066773e-01   5.4133634e-01   5.4523454e-01  -4.9720993e-01   6.0545223e-01   6.2151255e-01  -1.0325350e+00  -8.1913535e-01  -9.1324380e-02  -5.6634361e-01   1.0689528e+00
  -2.8626158e-01  -7.9079981e-01   5.4107113e-01   5.4535121e-01  -4.9741425e-01   6.0529524e-01   6.2150198e-01  -1.0324439e+00  -8.1896361e-01  -9.1221226e-02  -5.6660860e-01   1.0688947e+00
  -2.8628156e-01  -7.9097067e-01   5.4081076e-01   5.4549055e-01  -4.9764872e-01   6.0507535e-01   6.2152841e-01  -1.0323403e+00  -8.1881418e-01  -9.1198545e-02  -5.6682818e-01   1.0688691e+00
  -2.8637442e-01  -7.9110638e-01   5.4056301e-01   5.4560943e-01  -4.9783693e-01   6.0491032e-01   6.2153832e-01  -1.0322414e+00  -8.1866724e-01  -9.1116482e-02  -5.6705353e-01   1.0688164e+00
  -2.8670902e-01  -7.9133881e-01   5.4004515e-01   5.4582673e-01  -4.9822827e-01   6.0464223e-01   6.2148562e-01  -1.0320702e+00  -8.1831199e-01  -9.0877094e-02  -5.6760449e-01   1.0686802e+00
  -2.8674390e-01  -7.9150393e-01   5.3978464e-01   5.4596395e-01  -4.9847189e-01   6.0442957e-01   6.2149713e-01  -1.0319682e+00  -8.1815137e-01  -9.0853872e-02  -5.6783967e-01   1.0686520e+00
  -2.8688977e-01  -7.9163977e-01   5.3950782e-01   5.4608007e-01  -4.9868481e-01   6.0426815e-01   6.2148333e-01  -1.0318726e+00  -8.1797049e-01  -9.0744060e-02  -5.6811777e-01   1.0685897e+00
  -2.8712275e-01  -7.9173840e-01   5.3923913e-01   5.4617681e-01  -4.9887211e-01   6.0416348e-01   6.2143472e-01  -1.0317936e+00  -8.1777451e-01  -9.0580249e-02  -5.6842595e-01   1.0685052e+00
  -2.8724107e-01  -7.9188067e-01   5.3896713e-01   5.4629695e-01  -4.9909891e-01   6.0398947e-01   6.2142174e-01  -1.0317009e+00  -8.1759458e-01  -9.0496941e-02  -5.6869801e-01   1.0684550e+00
  -2.8736213e-01  -7.9201909e-01   5.3869914e-01   5.4641072e-01  -4.9932404e-01   6.0382040e-01   6.2140520e-01  -1.0316112e+00  -8.1741451e-01  -9.0414025e-02  -5.6896995e-01   1.0684045e+00
  -2.8751138e-01  -7.9213703e-01   5.3844607e-01   5.4651978e-01  -4.9951836e-01   6.0368191e-01   6.2138361e-01  -1.0315224e+00  -8.1724332e-01  -9.0305748e-02  -5.6923303e-01   1.0683383e+00
  -2.8773200e-01  -7.9222700e-01   5.3819580e-01   5.4661341e-01  -4.9970425e-01   6.0358565e-01   6.2132766e-01  -1.0314472e+00  -8.1705199e-01  -9.0159819e-02  -5.6953073e-01   1.0682587e+00
  -2.8791401e-01  -7.9252203e-01   5.3766378e-01   5.4685884e-01  -5.0014166e-01   6.0321977e-01   6.2133102e-01  -1.0312526e+00  -8.1672020e-01  -9.0015104e-02  -5.7002931e-01   1.0681648e+00
  -2.8804696e-01  -7.9265092e-01   5.3740248e-01   5.4697771e-01  -5.0035517e-01   6.0306417e-01   6.2131013e-01  -1.0311584e+00  -8.1654249e-01  -8.9922580e-02  -5.7029841e-01   1.0681100e+00
  -2.8824165e-01  -7.9275473e-01   5.3714499e-01   5.4708086e-01  -5.0054143e-01   6.0294847e-01   6.2127242e-01  -1.0310720e+00  -8.1635962e-01  -8.9783698e-02  -5.7058201e-01   1.0680350e+00
  -2.8834496e-01  -7.9289534e-01   5.3688188e-01   5.4720139e-01  -5.0076566e-01   6.0277427e-01   6.2126077e-01  -1.0309768e+00  -8.1618565e-01  -8.9711572e-02  -5.7084224e-01   1.0679847e+00
  -2.8843508e-01  -7.9303496e-01   5.3662716e-01   5.4732604e-01  -5.0099670e-01   6.0259871e-01   6.2124483e-01  -1.0308793e+00  -8.1601197e-01  -8.9656579e-02  -5.7109912e-01   1.0679454e+00
  -2.8858651e-01  -7.9315209e-01   5.3637263e-01   5.4743548e-01  -5.0119132e-01   6.0246102e-01   6.2122135e-01  -1.0307910e+00  -8.1583886e-01  -8.9546203e-02  -5.7136364e-01   1.0678782e+00
  -2.8879409e-01  -7.9325446e-01   5.3610943e-01   5.4753737e-01  -5.0137532e-01   6.0234858e-01   6.2118192e-01  -1.0307053e+00  -8.1565234e-01  -8.9395341e-02  -5.7165350e-01   1.0677974e+00
  -2.8893576e-01  -7.9337770e-01   5.3585071e-01   5.4764737e-01  -5.0159081e-01   6.0220017e-01   6.2115184e-01  -1.0306170e+00  -8.1546969e-01  -8.9301760e-02  -5.7192866e-01   1.0677366e+00
  -2.8923992e-01  -7.9360650e-01   5.3534754e-01   5.4786527e-01  -5.0200955e-01   6.0192758e-01   6.2107773e-01  -1.0304377e+00  -8.1510409e-01  -8.9106068e-02  -5.7248009e-01   1.0676110e+00
  -2.8943550e-01  -7.9371755e-01   5.3507715e-01   5.4797105e-01  -5.0220776e-01   6.0180187e-01   6.2103934e-01  -1.0303448e+00  -8.1491252e-01  -8.8966032e-02  -5.7277448e-01   1.0675317e+00
  -2.8957607e-01  -7.9382988e-01   5.3483437e-01   5.4808240e-01  -5.0242240e-01   6.0166586e-01   6.2099752e-01  -1.0302551e+00  -8.1473027e-01  -8.8883708e-02  -5.7304648e-01   1.0674749e+00
  -2.8966745e-01  -7.9396719e-01   5.3458104e-01   5.4820893e-01  -5.0266095e-01   6.0149194e-01   6.2097294e-01  -1.0301568e+00  -8.1455061e-01  -8.8834332e-02  -5.7330947e-01   1.0674315e+00
  -2.8984855e-01  -7.9408178e-01   5.3431261e-01   5.4832416e-01  -5.0288066e-01   6.0135779e-01   6.2092496e-01  -1.0300603e+00  -8.1435059e-01  -8.8718233e-02  -5.7361154e-01   1.0673585e+00
  -2.9002903e-01  -7.9417200e-01   5.3408052e-01   5.4843225e-01  -5.0308956e-01   6.0125300e-01   6.2085723e-01  -1.0299720e+00  -8.1415726e-01  -8.8620738e-02  -5.7390096e-01   1.0672910e+00
  -2.9013961e-01  -7.9430617e-01   5.3382088e-01   5.4855646e-01  -5.0333107e-01   6.0108477e-01   6.2082444e-01  -1.0298765e+00  -8.1396861e-01  -8.8559887e-02  -5.7417793e-01   1.0672416e+00
  -2.9025882e-01  -7.9443316e-01   5.3356705e-01   5.4867582e-01  -5.0353997e-01   6.0092938e-01   6.2080542e-01  -1.0297790e+00  -8.1379686e-01  -8.8475103e-02  -5.7443434e-01   1.0671840e+00
  -2.9054673e-01  -7.9464881e-01   5.3308896e-01   5.4890257e-01  -5.0392973e-01   6.0067245e-01   6.2073786e-01  -1.0295970e+00  -8.1345279e-01  -8.8283017e-02  -5.7495105e-01   1.0670533e+00
  -2.9065759e-01  -7.9476633e-01   5.3285328e-01   5.4901757e-01  -5.0413501e-01   6.0052730e-01   6.2071156e-01  -1.0295027e+00  -8.1328595e-01  -8.8212478e-02  -5.7519782e-01   1.0669982e+00
  -2.9078470e-01  -7.9488310e-01   5.3260973e-01   5.4913266e-01  -5.0434422e-01   6.0038459e-01   6.2067965e-01  -1.0294098e+00  -8.1311084e-01  -8.8131489e-02  -5.7545778e-01   1.0669377e+00
  -2.9095522e-01  -7.9497483e-01   5.3237964e-01   5.4923719e-01  -5.0452633e-01   6.0027949e-01   6.2063333e-01  -1.0293239e+00  -8.1293680e-01  -8.8020091e-02  -5.7572060e-01   1.0668659e+00
  -2.9112496e-01  -7.9508159e-01   5.3212734e-01   5.4934679e-01  -5.0471932e-01   6.0015553e-01   6.2059624e-01  -1.0292353e+00  -8.1275625e-01  -8.7900889e-02  -5.7599370e-01   1.0667938e+00
  -2.9123116e-01  -7.9520902e-01   5.3187880e-01   5.4946663e-01  -5.0493693e-01   5.9999677e-01   6.2057279e-01  -1.0291433e+00  -8.1258298e-01  -8.7832151e-02  -5.7624857e-01   1.0667401e+00
  -2.9134947e-01  -7.9533237e-01   5.3162947e-01   5.4958893e-01  -5.0516404e-01   5.9984324e-01   6.2053640e-01  -1.0290505e+00  -8.1239943e-01  -8.7764147e-02  -5.7651770e-01   1.0666843e+00
  -2.9168889e-01  -7.9554194e-01   5.3112960e-01   5.4981550e-01  -5.0559720e-01   5.9959456e-01   6.2042393e-01  -1.0288725e+00  -8.1200803e-01  -8.7563902e-02  -5.7709922e-01   1.0665482e+00
  -2.9175765e-01  -7.9568370e-01   5.3087941e-01   5.4994962e-01  -5.0582309e-01   5.9941321e-01   6.2041504e-01  -1.0287641e+00  -8.1184263e-01  -8.7517257e-02  -5.7733895e-01   1.0665048e+00
  -2.9185973e-01  -7.9578883e-01   5.3066565e-01   5.5007442e-01  -5.0601932e-01   5.9928207e-01   6.2038171e-01  -1.0286653e+00  -8.1168364e-01  -8.7459654e-02  -5.7757120e-01   1.0664521e+00
  -2.9203549e-01  -7.9589052e-01   5.3041640e-01   5.5018866e-01  -5.0622169e-01   5.9916350e-01   6.2033114e-01  -1.0285700e+00  -8.1149423e-01  -8.7346574e-02  -5.7785438e-01   1.0663794e+00
  -2.9215772e-01  -7.9599815e-01   5.3018752e-01   5.5030591e-01  -5.0643447e-01   5.9903004e-01   6.2028638e-01  -1.0284773e+00  -8.1131745e-01  -8.7280820e-02  -5.7811250e-01   1.0663211e+00
  -2.9222417e-01  -7.9612776e-01   5.2995626e-01   5.5043459e-01  -5.0665907e-01   5.9886261e-01   6.2026460e-01  -1.0283731e+00  -8.1115327e-01  -8.7247844e-02  -5.7834781e-01   1.0662807e+00
  -2.9234645e-01  -7.9625094e-01   5.2970363e-01   5.5056000e-01  -5.0687221e-01   5.9871086e-01   6.2023698e-01  -1.0282727e+00  -8.1097601e-01  -8.7165012e-02  -5.7860884e-01   1.0662186e+00
  -2.9252711e-01  -7.9634072e-01   5.2946896e-01   5.5066774e-01  -5.0704631e-01   5.9860976e-01   6.2019223e-01  -1.0281811e+00  -8.1080204e-01  -8.7039292e-02  -5.7887151e-01   1.0661398e+00
  -2.9265141e-01  -7.9644811e-01   5.2923867e-01   5.5078762e-01  -5.0726006e-01   5.9847664e-01   6.2014592e-01  -1.0280927e+00  -8.1062346e-01  -8.6972097e-02  -5.7913165e-01   1.0660818e+00
  -2.9288316e-01  -7.9667676e-01   5.2876612e-01   5.5103537e-01  -5.0768469e-01   5.9819219e-01   6.2007284e-01  -1.0278954e+00  -8.1027383e-01  -8.6834600e-02  -5.7964131e-01   1.0659699e+00
  -2.9311079e-01  -7.9677344e-01   5.2849425e-01   5.5113762e-01  -5.0788596e-01   5.9808582e-01   6.2001062e-01  -1.0278103e+00  -8.1006537e-01  -8.6680074e-02  -5.7995573e-01   1.0658818e+00
  -2.9324919e-01  -7.9687176e-01   5.2826920e-01   5.5124853e-01  -5.0808899e-01   5.9796614e-01   6.1995976e-01  -1.0277266e+00  -8.0988794e-01  -8.6602130e-02  -5.8021514e-01   1.0658238e+00
  -2.9336581e-01  -7.9699893e-01   5.2801247e-01   5.5136546e-01  -5.0829921e-01   5.9780898e-01   6.1993898e-01  -1.0276306e+00  -8.0971379e-01  -8.6516466e-02  -5.8047092e-01   1.0657635e+00
  -2.9356481e-01  -7.9708369e-01   5.2777395e-01   5.5146834e-01  -5.0848550e-01   5.9771453e-01   6.1987726e-01  -1.0275412e+00  -8.0952467e-01  -8.6388312e-02  -5.8075369e-01   1.0656855e+00
  -2.9374822e-01  -7.9717417e-01   5.2753517e-01   5.5157513e-01  -5.0867077e-01   5.9761150e-01   6.1982461e-01  -1.0274480e+00  -8.0934175e-01  -8.6266411e-02  -5.8102674e-01   1.0656075e+00
