  -3.0186542e-01  -6.1252142e-01   7.3059074e-01   4.2740364e-01  -5.2567786e-01   7.4625457e-01   4.0845434e-01  -1.0749603e+00  -7.9536665e-01  -2.6074825e-01  -5.4723879e-01   1.0733333e+00
  -3.0176181e-01  -6.1257134e-01   7.3059165e-01   4.2744255e-01  -5.2559450e-01   7.4623497e-01   4.0859736e-01  -1.0749158e+00  -7.9546104e-01  -2.6068702e-01  -5.4713071e-01   1.0733043e+00
  -3.0165003e-01  -6.1262320e-01   7.3059433e-01   4.2748661e-01  -5.2551820e-01   7.4621050e-01   4.0874017e-01  -1.0748696e+00  -7.9555379e-01  -2.6063528e-01  -5.4702045e-01   1.0732776e+00
  -3.0154720e-01  -6.1266692e-01   7.3060013e-01   4.2752241e-01  -5.2542793e-01   7.4619675e-01   4.0888128e-01  -1.0748255e+00  -7.9565239e-01  -2.6057186e-01  -5.4690726e-01   1.0732474e+00
  -3.0145083e-01  -6.1271070e-01   7.3060320e-01   4.2756010e-01  -5.2534364e-01   7.4618216e-01   4.0901617e-01  -1.0747826e+00  -7.9574458e-01  -2.6051062e-01  -5.4680231e-01   1.0732177e+00
  -3.0126621e-01  -6.1278738e-01   7.3061504e-01   4.2762899e-01  -5.2517080e-01   7.4616195e-01   4.0927497e-01  -1.0747006e+00  -7.9592860e-01  -2.6038813e-01  -5.4659281e-01   1.0731557e+00
  -3.0115671e-01  -6.1284347e-01   7.3061310e-01   4.2767395e-01  -5.2509263e-01   7.4613604e-01   4.0942245e-01  -1.0746546e+00  -7.9602158e-01  -2.6033037e-01  -5.4648490e-01   1.0731269e+00
  -3.0106674e-01  -6.1288248e-01   7.3061746e-01   4.2770656e-01  -5.2500572e-01   7.4612612e-01   4.0955199e-01  -1.0746162e+00  -7.9611296e-01  -2.6026704e-01  -5.4638200e-01   1.0730942e+00
  -3.0099589e-01  -6.1292903e-01   7.3060761e-01   4.2773766e-01  -5.2491459e-01   7.4611683e-01   4.0968573e-01  -1.0745742e+00  -7.9619982e-01  -2.6018401e-01  -5.4629488e-01   1.0730572e+00
  -3.0090238e-01  -6.1297159e-01   7.3061043e-01   4.2777462e-01  -5.2482667e-01   7.4610451e-01   4.0982070e-01  -1.0745323e+00  -7.9629312e-01  -2.6011897e-01  -5.4618990e-01   1.0730240e+00
  -3.0079995e-01  -6.1302393e-01   7.3060869e-01   4.2781697e-01  -5.2474278e-01   7.4608377e-01   4.0996585e-01  -1.0744863e+00  -7.9638708e-01  -2.6005509e-01  -5.4608330e-01   1.0729927e+00
  -3.0070009e-01  -6.1307239e-01   7.3060910e-01   4.2785618e-01  -5.2465156e-01   7.4606806e-01   4.1011119e-01  -1.0744409e+00  -7.9648490e-01  -2.5998593e-01  -5.4597356e-01   1.0729590e+00
  -3.0060000e-01  -6.1311579e-01   7.3061388e-01   4.2789602e-01  -5.2455751e-01   7.4605607e-01   4.1025330e-01  -1.0743946e+00  -7.9658464e-01  -2.5991801e-01  -5.4586040e-01   1.0729243e+00
  -3.0047101e-01  -6.1317546e-01   7.3061689e-01   4.2794404e-01  -5.2446335e-01   7.4602963e-01   4.1042175e-01  -1.0743433e+00  -7.9669528e-01  -2.5985314e-01  -5.4572975e-01   1.0728930e+00
  -3.0024414e-01  -6.1328365e-01   7.3061934e-01   4.2802988e-01  -5.2427391e-01   7.4598906e-01   4.1073743e-01  -1.0742437e+00  -7.9690548e-01  -2.5971431e-01  -5.4548893e-01   1.0728272e+00
  -3.0013435e-01  -6.1333162e-01   7.3062415e-01   4.2807068e-01  -5.2418272e-01   7.4597165e-01   4.1088534e-01  -1.0741960e+00  -7.9700682e-01  -2.5965089e-01  -5.4537104e-01   1.0727965e+00
  -3.0001697e-01  -6.1337774e-01   7.3063365e-01   4.2811346e-01  -5.2409222e-01   7.4595371e-01   4.1103339e-01  -1.0741471e+00  -7.9711052e-01  -2.5959360e-01  -5.4524672e-01   1.0727667e+00
  -2.9992336e-01  -6.1343397e-01   7.3062490e-01   4.2815179e-01  -5.2399870e-01   7.4593536e-01   4.1118586e-01  -1.0741008e+00  -7.9720720e-01  -2.5951344e-01  -5.4514351e-01   1.0727303e+00
  -2.9981634e-01  -6.1347234e-01   7.3063660e-01   4.2818979e-01  -5.2389524e-01   7.4592785e-01   4.1133132e-01  -1.0740540e+00  -7.9731545e-01  -2.5944437e-01  -5.4501805e-01   1.0726954e+00
  -2.9971816e-01  -6.1352332e-01   7.3063410e-01   4.2822915e-01  -5.2380273e-01   7.4591123e-01   4.1147919e-01  -1.0740081e+00  -7.9741311e-01  -2.5937154e-01  -5.4490979e-01   1.0726605e+00
  -2.9962477e-01  -6.1357242e-01   7.3063116e-01   4.2826678e-01  -5.2370626e-01   7.4589784e-01   4.1162626e-01  -1.0739621e+00  -7.9751159e-01  -2.5929389e-01  -5.4480268e-01   1.0726237e+00
  -2.9953096e-01  -6.1362079e-01   7.3062900e-01   4.2830491e-01  -5.2361204e-01   7.4588402e-01   4.1177115e-01  -1.0739163e+00  -7.9760870e-01  -2.5921916e-01  -5.4469603e-01   1.0725877e+00
  -2.9944949e-01  -6.1366924e-01   7.3062170e-01   4.2833982e-01  -5.2351578e-01   7.4587307e-01   4.1191334e-01  -1.0738725e+00  -7.9770245e-01  -2.5913594e-01  -5.4459834e-01   1.0725488e+00
  -2.9935984e-01  -6.1372647e-01   7.3061036e-01   4.2837675e-01  -5.2342123e-01   7.4585507e-01   4.1206603e-01  -1.0738271e+00  -7.9779817e-01  -2.5905213e-01  -5.4449801e-01   1.0725111e+00
  -2.9912934e-01  -6.1383609e-01   7.3061265e-01   4.2846799e-01  -5.2322941e-01   7.4581329e-01   4.1238521e-01  -1.0737271e+00  -7.9801045e-01  -2.5891272e-01  -5.4425323e-01   1.0724410e+00
  -2.9902044e-01  -6.1389667e-01   7.3060635e-01   4.2851442e-01  -5.2313642e-01   7.4578928e-01   4.1254649e-01  -1.0736764e+00  -7.9811218e-01  -2.5883818e-01  -5.4413942e-01   1.0724052e+00
  -2.9888468e-01  -6.1395699e-01   7.3061120e-01   4.2856564e-01  -5.2304820e-01   7.4575896e-01   4.1271312e-01  -1.0736261e+00  -7.9822089e-01  -2.5878245e-01  -5.4400651e-01   1.0723746e+00
  -2.9877722e-01  -6.1401052e-01   7.3061017e-01   4.2860877e-01  -5.2294743e-01   7.4574175e-01   4.1287200e-01  -1.0735763e+00  -7.9832712e-01  -2.5870516e-01  -5.4388737e-01   1.0723366e+00
  -2.9865125e-01  -6.1406219e-01   7.3061825e-01   4.2865308e-01  -5.2283971e-01   7.4572434e-01   4.1303976e-01  -1.0735249e+00  -7.9844477e-01  -2.5863263e-01  -5.4374913e-01   1.0722998e+00
  -2.9851955e-01  -6.1412329e-01   7.3062077e-01   4.2870360e-01  -5.2274265e-01   7.4569713e-01   4.1321171e-01  -1.0734717e+00  -7.9855757e-01  -2.5856605e-01  -5.4361513e-01   1.0722658e+00
  -2.9840383e-01  -6.1417977e-01   7.3062053e-01   4.2874873e-01  -5.2263967e-01   7.4567732e-01   4.1337766e-01  -1.0734202e+00  -7.9866823e-01  -2.5848900e-01  -5.4348922e-01   1.0722280e+00
  -2.9828430e-01  -6.1422747e-01   7.3062921e-01   4.2879238e-01  -5.2252786e-01   7.4566460e-01   4.1354192e-01  -1.0733687e+00  -7.9878602e-01  -2.5841227e-01  -5.4335254e-01   1.0721882e+00
  -2.9817733e-01  -6.1428372e-01   7.3062563e-01   4.2883626e-01  -5.2242881e-01   7.4564520e-01   4.1370200e-01  -1.0733196e+00  -7.9889074e-01  -2.5833451e-01  -5.4323554e-01   1.0721496e+00
  -2.9808791e-01  -6.1434330e-01   7.3061199e-01   4.2887757e-01  -5.2232846e-01   7.4562756e-01   4.1386054e-01  -1.0732699e+00  -7.9898969e-01  -2.5824387e-01  -5.4313307e-01   1.0721091e+00
  -2.9787396e-01  -6.1444854e-01   7.3061077e-01   4.2896228e-01  -5.2211338e-01   7.4559825e-01   4.1418462e-01  -1.0731705e+00  -7.9921005e-01  -2.5807808e-01  -5.4288765e-01   1.0720257e+00
  -2.9774026e-01  -6.1451235e-01   7.3061159e-01   4.2901599e-01  -5.2201816e-01   7.4556830e-01   4.1435848e-01  -1.0731167e+00  -7.9932204e-01  -2.5801258e-01  -5.4275385e-01   1.0719912e+00
  -2.9764157e-01  -6.1456345e-01   7.3060883e-01   4.2905714e-01  -5.2191175e-01   7.4555559e-01   4.1451537e-01  -1.0730644e+00  -7.9942834e-01  -2.5792756e-01  -5.4263775e-01   1.0719511e+00
  -2.9751880e-01  -6.1462714e-01   7.3060530e-01   4.2911166e-01  -5.2181413e-01   7.4552849e-01   4.1468700e-01  -1.0730088e+00  -7.9953775e-01  -2.5785421e-01  -5.4251140e-01   1.0719135e+00
  -2.9739925e-01  -6.1468155e-01   7.3060812e-01   4.2915678e-01  -5.2169836e-01   7.4551299e-01   4.1486044e-01  -1.0729521e+00  -7.9965775e-01  -2.5776913e-01  -5.4237493e-01   1.0718744e+00
  -2.9726313e-01  -6.1474325e-01   7.3061169e-01   4.2920935e-01  -5.2159230e-01   7.4548727e-01   4.1504005e-01  -1.0728959e+00  -7.9977754e-01  -2.5769658e-01  -5.4223275e-01   1.0718364e+00
  -2.9714554e-01  -6.1480242e-01   7.3060968e-01   4.2925565e-01  -5.2148009e-01   7.4546822e-01   4.1521515e-01  -1.0728387e+00  -7.9989437e-01  -2.5761032e-01  -5.4210136e-01   1.0717972e+00
  -2.9702052e-01  -6.1485473e-01   7.3061649e-01   4.2930059e-01  -5.2136443e-01   7.4545288e-01   4.1538795e-01  -1.0727835e+00  -8.0001621e-01  -2.5752995e-01  -5.4195980e-01   1.0717572e+00
  -2.9691990e-01  -6.1491312e-01   7.3060823e-01   4.2934329e-01  -5.2125075e-01   7.4543781e-01   4.1555759e-01  -1.0727284e+00  -8.0012763e-01  -2.5743402e-01  -5.4184082e-01   1.0717138e+00
  -2.9671060e-01  -6.1501467e-01   7.3060782e-01   4.2942853e-01  -5.2101783e-01   7.4541665e-01   4.1588754e-01  -1.0726200e+00  -8.0035695e-01  -2.5725273e-01  -5.4158818e-01   1.0716273e+00
  -2.9659093e-01  -6.1508026e-01   7.3060118e-01   4.2947691e-01  -5.2091214e-01   7.4539141e-01   4.1606518e-01  -1.0725658e+00  -8.0047012e-01  -2.5716913e-01  -5.4146069e-01   1.0715874e+00
  -2.9648323e-01  -6.1514374e-01   7.3059144e-01   4.2952515e-01  -5.2080639e-01   7.4536951e-01   4.1623678e-01  -1.0725108e+00  -8.0057877e-01  -2.5708074e-01  -5.4134195e-01   1.0715457e+00
  -2.9638028e-01  -6.1518076e-01   7.3060207e-01   4.2956343e-01  -5.2068217e-01   7.4536944e-01   4.1639223e-01  -1.0724605e+00  -8.0069772e-01  -2.5699228e-01  -5.4120801e-01   1.0714990e+00
  -2.9625645e-01  -6.1524703e-01   7.3059649e-01   4.2961701e-01  -5.2057826e-01   7.4534238e-01   4.1657061e-01  -1.0724048e+00  -8.0081109e-01  -2.5691219e-01  -5.4107831e-01   1.0714590e+00
  -2.9613658e-01  -6.1530009e-01   7.3060041e-01   4.2966145e-01  -5.2046346e-01   7.4532700e-01   4.1674150e-01  -1.0723533e+00  -8.0093002e-01  -2.5682969e-01  -5.4094142e-01   1.0714162e+00
  -2.9600438e-01  -6.1536123e-01   7.3060246e-01   4.2971460e-01  -5.2035050e-01   7.4530412e-01   4.1692339e-01  -1.0722952e+00  -8.0105227e-01  -2.5674946e-01  -5.4079845e-01   1.0713753e+00
  -2.9586278e-01  -6.1543734e-01   7.3059572e-01   4.2977529e-01  -5.2025107e-01   7.4526668e-01   4.1711440e-01  -1.0722353e+00  -8.0116916e-01  -2.5667583e-01  -5.4066023e-01   1.0713378e+00
  -2.9574943e-01  -6.1548215e-01   7.3060385e-01   4.2981598e-01  -5.2011801e-01   7.4526295e-01   4.1728691e-01  -1.0721794e+00  -8.0129740e-01  -2.5657909e-01  -5.4051610e-01   1.0712900e+00
  -2.9561120e-01  -6.1556418e-01   7.3059072e-01   4.2987587e-01  -5.2001024e-01   7.4522533e-01   4.1748844e-01  -1.0721159e+00  -8.0141838e-01  -2.5649167e-01  -5.4037824e-01   1.0712504e+00
  -2.9537755e-01  -6.1566819e-01   7.3059756e-01   4.2996728e-01  -5.1977004e-01   7.4519995e-01   4.1783263e-01  -1.0720041e+00  -8.0166028e-01  -2.5631560e-01  -5.4010285e-01   1.0711625e+00
  -2.9523526e-01  -6.1572103e-01   7.3061055e-01   4.3001962e-01  -5.1965063e-01   7.4518189e-01   4.1801337e-01  -1.0719479e+00  -8.0179011e-01  -2.5624127e-01  -5.3994539e-01   1.0711210e+00
  -2.9511381e-01  -6.1578609e-01   7.3060480e-01   4.3006911e-01  -5.1953573e-01   7.4515914e-01   4.1819667e-01  -1.0718907e+00  -8.0190927e-01  -2.5615095e-01  -5.3981129e-01   1.0710776e+00
  -2.9500834e-01  -6.1584148e-01   7.3060066e-01   4.3011342e-01  -5.1942180e-01   7.4514456e-01   4.1836420e-01  -1.0718366e+00  -8.0202188e-01  -2.5606027e-01  -5.3968703e-01   1.0710335e+00
  -2.9488391e-01  -6.1590524e-01   7.3059715e-01   4.3016570e-01  -5.1931202e-01   7.4512031e-01   4.1854359e-01  -1.0717800e+00  -8.0213869e-01  -2.5597741e-01  -5.3955266e-01   1.0709926e+00
  -2.9475857e-01  -6.1596695e-01   7.3059569e-01   4.3021872e-01  -5.1920599e-01   7.4509588e-01   4.1871861e-01  -1.0717235e+00  -8.0225338e-01  -2.5590008e-01  -5.3941878e-01   1.0709525e+00
  -2.9463048e-01  -6.1602875e-01   7.3059533e-01   4.3026840e-01  -5.1908320e-01   7.4507619e-01   4.1890583e-01  -1.0716665e+00  -8.0237992e-01  -2.5580861e-01  -5.3927399e-01   1.0709067e+00
  -2.9451679e-01  -6.1608144e-01   7.3059674e-01   4.3031545e-01  -5.1896374e-01   7.4506326e-01   4.1907682e-01  -1.0716111e+00  -8.0249891e-01  -2.5571936e-01  -5.3913922e-01   1.0708616e+00
  -2.9440699e-01  -6.1614707e-01   7.3058558e-01   4.3036240e-01  -5.1884923e-01   7.4504204e-01   4.1925630e-01  -1.0715556e+00  -8.0261323e-01  -2.5562311e-01  -5.3901471e-01   1.0708158e+00
  -2.9428078e-01  -6.1621188e-01   7.3058180e-01   4.3041700e-01  -5.1873821e-01   7.4501710e-01   4.1943793e-01  -1.0714970e+00  -8.0273125e-01  -2.5553949e-01  -5.3887858e-01   1.0707735e+00
  -2.9403212e-01  -6.1633623e-01   7.3057705e-01   4.3051833e-01  -5.1849827e-01   7.4497658e-01   4.1980642e-01  -1.0713808e+00  -8.0297736e-01  -2.5535769e-01  -5.3859800e-01   1.0706836e+00
  -2.9389767e-01  -6.1640542e-01   7.3057272e-01   4.3056992e-01  -5.1837144e-01   7.4495256e-01   4.2000563e-01  -1.0713199e+00  -8.0310845e-01  -2.5526068e-01  -5.3844846e-01   1.0706377e+00
  -2.9376481e-01  -6.1646531e-01   7.3057563e-01   4.3062471e-01  -5.1825612e-01   7.4493053e-01   4.2018706e-01  -1.0712626e+00  -8.0323153e-01  -2.5518044e-01  -5.3830297e-01   1.0705939e+00
  -2.9363686e-01  -6.1654236e-01   7.3056204e-01   4.3068018e-01  -5.1814385e-01   7.4489847e-01   4.2038222e-01  -1.0712022e+00  -8.0335070e-01  -2.5508781e-01  -5.3816901e-01   1.0705503e+00
  -2.9350650e-01  -6.1660140e-01   7.3056463e-01   4.3073278e-01  -5.1802047e-01   7.4487984e-01   4.2056728e-01  -1.0711429e+00  -8.0347793e-01  -2.5499952e-01  -5.3802090e-01   1.0705049e+00
  -2.9339109e-01  -6.1667297e-01   7.3055058e-01   4.3078309e-01  -5.1790653e-01   7.4485369e-01   4.2075386e-01  -1.0710866e+00  -8.0359352e-01  -2.5490279e-01  -5.3789408e-01   1.0704581e+00
  -2.9325143e-01  -6.1673618e-01   7.3055324e-01   4.3084056e-01  -5.1778766e-01   7.4482944e-01   4.2094301e-01  -1.0710281e+00  -8.0372105e-01  -2.5482065e-01  -5.3774244e-01   1.0704130e+00
  -2.9314074e-01  -6.1679242e-01   7.3055019e-01   4.3088523e-01  -5.1766429e-01   7.4481596e-01   4.2111862e-01  -1.0709741e+00  -8.0384086e-01  -2.5472409e-01  -5.3760903e-01   1.0703650e+00
  -2.9301242e-01  -6.1686398e-01   7.3054127e-01   4.3094154e-01  -5.1755309e-01   7.4478643e-01   4.2130744e-01  -1.0709148e+00  -8.0395928e-01  -2.5463696e-01  -5.3747324e-01   1.0703216e+00
  -2.9287113e-01  -6.1692461e-01   7.3054671e-01   4.3099773e-01  -5.1742511e-01   7.4476617e-01   4.2150036e-01  -1.0708517e+00  -8.0409315e-01  -2.5454928e-01  -5.3731452e-01   1.0702759e+00
  -2.9272824e-01  -6.1698605e-01   7.3055211e-01   4.3105186e-01  -5.1730097e-01   7.4474394e-01   4.2169201e-01  -1.0707929e+00  -8.0422501e-01  -2.5446550e-01  -5.3715682e-01   1.0702310e+00
  -2.9244343e-01  -6.1712796e-01   7.3054631e-01   4.3116867e-01  -5.1706351e-01   7.4468507e-01   4.2208705e-01  -1.0706675e+00  -8.0448128e-01  -2.5429361e-01  -5.3685436e-01   1.0701442e+00
  -2.9229721e-01  -6.1719593e-01   7.3054739e-01   4.3122674e-01  -5.1693721e-01   7.4465902e-01   4.2228769e-01  -1.0706036e+00  -8.0461560e-01  -2.5420497e-01  -5.3669507e-01   1.0700990e+00
  -2.9217484e-01  -6.1725156e-01   7.3054938e-01   4.3127362e-01  -5.1680578e-01   7.4464600e-01   4.2247144e-01  -1.0705444e+00  -8.0474445e-01  -2.5410796e-01  -5.3654778e-01   1.0700516e+00
  -2.9205194e-01  -6.1732336e-01   7.3053782e-01   4.3132777e-01  -5.1667566e-01   7.4462311e-01   4.2267092e-01  -1.0704796e+00  -8.0487262e-01  -2.5400063e-01  -5.3640636e-01   1.0700018e+00
  -2.9193626e-01  -6.1739267e-01   7.3052549e-01   4.3137776e-01  -5.1654612e-01   7.4460270e-01   4.2286509e-01  -1.0704181e+00  -8.0499771e-01  -2.5389182e-01  -5.3627011e-01   1.0699523e+00
  -2.9181338e-01  -6.1745932e-01   7.3051824e-01   4.3142965e-01  -5.1641920e-01   7.4458171e-01   4.2305705e-01  -1.0703577e+00  -8.0512371e-01  -2.5379130e-01  -5.3612853e-01   1.0699034e+00
  -2.9169835e-01  -6.1752403e-01   7.3050955e-01   4.3147974e-01  -5.1628852e-01   7.4456442e-01   4.2324693e-01  -1.0702959e+00  -8.0524915e-01  -2.5368463e-01  -5.3599054e-01   1.0698528e+00
  -2.9157931e-01  -6.1759126e-01   7.3050019e-01   4.3153138e-01  -5.1615675e-01   7.4454524e-01   4.2344140e-01  -1.0702330e+00  -8.0537679e-01  -2.5357722e-01  -5.3584967e-01   1.0698008e+00
  -2.9144876e-01  -6.1765539e-01   7.3049809e-01   4.3158468e-01  -5.1602963e-01   7.4452425e-01   4.2363316e-01  -1.0701726e+00  -8.0550544e-01  -2.5348268e-01  -5.3570096e-01   1.0697543e+00
  -2.9118813e-01  -6.1779711e-01   7.3048218e-01   4.3169340e-01  -5.1577036e-01   7.4447602e-01   4.2403350e-01  -1.0700458e+00  -8.0576571e-01  -2.5327893e-01  -5.3540579e-01   1.0696566e+00
  -2.9105391e-01  -6.1786287e-01   7.3048002e-01   4.3174958e-01  -5.1563486e-01   7.4445590e-01   4.2423352e-01  -1.0699803e+00  -8.0590095e-01  -2.5317752e-01  -5.3525024e-01   1.0696058e+00
  -2.9092071e-01  -6.1793809e-01   7.3046944e-01   4.3180543e-01  -5.1550736e-01   7.4442794e-01   4.2443747e-01  -1.0699177e+00  -8.0603055e-01  -2.5307613e-01  -5.3510297e-01   1.0695577e+00
  -2.9077808e-01  -6.1800988e-01   7.3046555e-01   4.3186724e-01  -5.1538194e-01   7.4439960e-01   4.2463951e-01  -1.0698530e+00  -8.0616220e-01  -2.5298430e-01  -5.3494802e-01   1.0695098e+00
  -2.9063222e-01  -6.1807815e-01   7.3046582e-01   4.3192370e-01  -5.1524084e-01   7.4437756e-01   4.2484931e-01  -1.0697869e+00  -8.0630505e-01  -2.5288231e-01  -5.3478102e-01   1.0694598e+00
  -2.9048204e-01  -6.1814948e-01   7.3046521e-01   4.3198364e-01  -5.1511697e-01   7.4434748e-01   4.2505216e-01  -1.0697234e+00  -8.0643830e-01  -2.5279640e-01  -5.3462069e-01   1.0694141e+00
  -2.9033336e-01  -6.1822157e-01   7.3046328e-01   4.3204321e-01  -5.1498377e-01   7.4432016e-01   4.2526133e-01  -1.0696567e+00  -8.0657688e-01  -2.5270061e-01  -5.3445685e-01   1.0693659e+00
  -2.9018548e-01  -6.1829117e-01   7.3046313e-01   4.3210235e-01  -5.1485738e-01   7.4429226e-01   4.2546315e-01  -1.0695932e+00  -8.0671074e-01  -2.5261251e-01  -5.3429643e-01   1.0693215e+00
  -2.9005513e-01  -6.1836503e-01   7.3045241e-01   4.3215691e-01  -5.1472190e-01   7.4426784e-01   4.2566975e-01  -1.0695267e+00  -8.0684413e-01  -2.5250357e-01  -5.3414659e-01   1.0692710e+00
  -2.8978948e-01  -6.1849839e-01   7.3044492e-01   4.3226672e-01  -5.1446065e-01   7.4422337e-01   4.2606318e-01  -1.0694011e+00  -8.0710614e-01  -2.5230794e-01  -5.3384304e-01   1.0691736e+00
  -2.8967442e-01  -6.1855317e-01   7.3044420e-01   4.3231469e-01  -5.1431882e-01   7.4421477e-01   4.2624935e-01  -1.0693414e+00  -8.0723781e-01  -2.5219907e-01  -5.3369539e-01   1.0691182e+00
  -2.8955463e-01  -6.1862683e-01   7.3042933e-01   4.3236740e-01  -5.1418699e-01   7.4419112e-01   4.2644969e-01  -1.0692784e+00  -8.0736477e-01  -2.5208821e-01  -5.3355570e-01   1.0690662e+00
  -2.8943090e-01  -6.1869617e-01   7.3041959e-01   4.3242091e-01  -5.1405709e-01   7.4416857e-01   4.2664554e-01  -1.0692168e+00  -8.0749182e-01  -2.5198443e-01  -5.3341242e-01   1.0690152e+00
  -2.8930787e-01  -6.1877014e-01   7.3040568e-01   4.3247642e-01  -5.1392410e-01   7.4414447e-01   4.2684783e-01  -1.0691517e+00  -8.0762058e-01  -2.5187409e-01  -5.3326961e-01   1.0689632e+00
  -2.8915404e-01  -6.1883906e-01   7.3040820e-01   4.3253804e-01  -5.1379804e-01   7.4411545e-01   4.2705011e-01  -1.0690890e+00  -8.0775586e-01  -2.5179048e-01  -5.3310416e-01   1.0689169e+00
  -2.8901859e-01  -6.1891753e-01   7.3039535e-01   4.3259638e-01  -5.1366068e-01   7.4408763e-01   4.2726370e-01  -1.0690217e+00  -8.0789167e-01  -2.5167964e-01  -5.3295068e-01   1.0688638e+00
  -2.8886923e-01  -6.1898559e-01   7.3039673e-01   4.3265672e-01  -5.1352225e-01   7.4406371e-01   4.2747172e-01  -1.0689550e+00  -8.0803305e-01  -2.5158298e-01  -5.3278189e-01   1.0688144e+00
  -2.8870157e-01  -6.1908190e-01   7.3038140e-01   4.3272634e-01  -5.1339871e-01   7.4401525e-01   4.2770442e-01  -1.0688833e+00  -8.0817149e-01  -2.5148938e-01  -5.3261608e-01   1.0687689e+00
  -2.8857044e-01  -6.1914793e-01   7.3037729e-01   4.3278095e-01  -5.1325491e-01   7.4399740e-01   4.2790795e-01  -1.0688156e+00  -8.0830966e-01  -2.5137957e-01  -5.3245828e-01   1.0687163e+00
  -2.8828444e-01  -6.1929205e-01   7.3036804e-01   4.3289731e-01  -5.1297604e-01   7.4394751e-01   4.2832894e-01  -1.0686844e+00  -8.0858868e-01  -2.5117216e-01  -5.3213238e-01   1.0686128e+00
  -2.8813971e-01  -6.1936552e-01   7.3036285e-01   4.3295671e-01  -5.1283962e-01   7.4392041e-01   4.2853937e-01  -1.0686178e+00  -8.0872681e-01  -2.5107127e-01  -5.3197007e-01   1.0685612e+00
  -2.8798626e-01  -6.1943525e-01   7.3036418e-01   4.3301889e-01  -5.1270013e-01   7.4389483e-01   4.2875060e-01  -1.0685492e+00  -8.0886985e-01  -2.5097503e-01  -5.3179796e-01   1.0685119e+00
  -2.8784813e-01  -6.1951366e-01   7.3035216e-01   4.3307657e-01  -5.1256134e-01   7.4386668e-01   4.2896534e-01  -1.0684818e+00  -8.0900702e-01  -2.5086489e-01  -5.3164131e-01   1.0684597e+00
  -2.8771277e-01  -6.1958710e-01   7.3034323e-01   4.3313331e-01  -5.1242658e-01   7.4384065e-01   4.2917136e-01  -1.0684160e+00  -8.0914049e-01  -2.5076068e-01  -5.3148726e-01   1.0684095e+00
  -2.8758977e-01  -6.1965518e-01   7.3033385e-01   4.3318549e-01  -5.1228348e-01   7.4382258e-01   4.2937352e-01  -1.0683498e+00  -8.0927486e-01  -2.5064603e-01  -5.3133681e-01   1.0683548e+00
  -2.8744552e-01  -6.1973227e-01   7.3032523e-01   4.3324610e-01  -5.1213714e-01   7.4379628e-01   4.2959359e-01  -1.0682795e+00  -8.0941869e-01  -2.5053343e-01  -5.3117075e-01   1.0683011e+00
  -2.8732445e-01  -6.1980016e-01   7.3031531e-01   4.3329835e-01  -5.1199508e-01   7.4377823e-01   4.2979405e-01  -1.0682137e+00  -8.0955150e-01  -2.5041898e-01  -5.3102228e-01   1.0682473e+00
  -2.8719442e-01  -6.1987564e-01   7.3030239e-01   4.3335626e-01  -5.1185943e-01   7.4375213e-01   4.3000088e-01  -1.0681448e+00  -8.0968347e-01  -2.5030981e-01  -5.3087255e-01   1.0681962e+00
  -2.8705222e-01  -6.1994573e-01   7.3029882e-01   4.3341560e-01  -5.1171157e-01   7.4373063e-01   4.3021387e-01  -1.0680748e+00  -8.0982735e-01  -2.5019998e-01  -5.3070486e-01   1.0681418e+00
  -2.8677166e-01  -6.2010490e-01   7.3027388e-01   4.3353435e-01  -5.1142413e-01   7.4367454e-01   4.3065250e-01  -1.0679355e+00  -8.1010822e-01  -2.4997227e-01  -5.3038335e-01   1.0680337e+00
  -2.8661702e-01  -6.2018451e-01   7.3026701e-01   4.3359833e-01  -5.1128198e-01   7.4364329e-01   4.3087519e-01  -1.0678641e+00  -8.1025270e-01  -2.4986772e-01  -5.3021194e-01   1.0679816e+00
  -2.8647502e-01  -6.2026045e-01   7.3025821e-01   4.3365775e-01  -5.1113521e-01   7.4361784e-01   4.3109309e-01  -1.0677936e+00  -8.1039548e-01  -2.4975475e-01  -5.3004689e-01   1.0679274e+00
  -2.8633377e-01  -6.2034230e-01   7.3024407e-01   4.3371689e-01  -5.1098388e-01   7.4359046e-01   4.3131972e-01  -1.0677211e+00  -8.1054081e-01  -2.4963306e-01  -5.2988200e-01   1.0678712e+00
  -2.8618185e-01  -6.2041583e-01   7.3024118e-01   4.3377926e-01  -5.1083907e-01   7.4356395e-01   4.3153689e-01  -1.0676520e+00  -8.1068578e-01  -2.4952922e-01  -5.2970910e-01   1.0678180e+00
  -2.8604647e-01  -6.2048962e-01   7.3023151e-01   4.3383647e-01  -5.1068402e-01   7.4354343e-01   4.3175570e-01  -1.0675794e+00  -8.1083123e-01  -2.4940690e-01  -5.2954410e-01   1.0677621e+00
  -2.8591541e-01  -6.2056595e-01   7.3021795e-01   4.3389392e-01  -5.1054388e-01   7.4351752e-01   4.3196597e-01  -1.0675122e+00  -8.1096568e-01  -2.4929412e-01  -5.2939124e-01   1.0677067e+00
  -2.8575648e-01  -6.2064648e-01   7.3021174e-01   4.3395861e-01  -5.1039400e-01   7.4348706e-01   4.3219550e-01  -1.0674382e+00  -8.1111606e-01  -2.4918455e-01  -5.2921246e-01   1.0676531e+00
  -2.8561984e-01  -6.2072019e-01   7.3020255e-01   4.3401632e-01  -5.1024994e-01   7.4346284e-01   4.3240728e-01  -1.0673688e+00  -8.1125478e-01  -2.4907324e-01  -5.2905219e-01   1.0675999e+00
  -2.8548015e-01  -6.2080997e-01   7.3018082e-01   4.3407836e-01  -5.1010752e-01   7.4342798e-01   4.3263514e-01  -1.0672954e+00  -8.1139346e-01  -2.4895352e-01  -5.2889579e-01   1.0675462e+00
  -2.8533795e-01  -6.2088527e-01   7.3017241e-01   4.3413782e-01  -5.0995802e-01   7.4340336e-01   4.3285364e-01  -1.0672240e+00  -8.1153748e-01  -2.4883925e-01  -5.2872864e-01   1.0674915e+00
  -2.8521371e-01  -6.2095953e-01   7.3015781e-01   4.3418944e-01  -5.0980219e-01   7.4338447e-01   4.3306954e-01  -1.0671555e+00  -8.1167904e-01  -2.4871022e-01  -5.2857202e-01   1.0674324e+00
  -2.8506542e-01  -6.2102810e-01   7.3015737e-01   4.3425087e-01  -5.0965062e-01   7.4336327e-01   4.3328429e-01  -1.0670839e+00  -8.1182628e-01  -2.4860233e-01  -5.2839659e-01   1.0673776e+00
  -2.8477983e-01  -6.2119022e-01   7.3013090e-01   4.3437179e-01  -5.0935583e-01   7.4330536e-01   4.3373007e-01  -1.0669410e+00  -8.1211151e-01  -2.4837038e-01  -5.2806733e-01   1.0672678e+00
  -2.8462403e-01  -6.2127082e-01   7.3012309e-01   4.3443537e-01  -5.0921234e-01   7.4327303e-01   4.3395388e-01  -1.0668696e+00  -8.1225609e-01  -2.4826551e-01  -5.2789418e-01   1.0672163e+00
  -2.8449224e-01  -6.2134957e-01   7.3010743e-01   4.3449271e-01  -5.0905956e-01   7.4324892e-01   4.3417437e-01  -1.0667990e+00  -8.1239802e-01  -2.4814051e-01  -5.2773455e-01   1.0671578e+00
  -2.8433781e-01  -6.2142555e-01   7.3010292e-01   4.3455467e-01  -5.0890975e-01   7.4322145e-01   4.3439696e-01  -1.0667297e+00  -8.1254591e-01  -2.4803262e-01  -5.2755752e-01   1.0671023e+00
  -2.8418903e-01  -6.2150559e-01   7.3009271e-01   4.3462032e-01  -5.0877268e-01   7.4318861e-01   4.3461365e-01  -1.0666592e+00  -8.1268378e-01  -2.4793035e-01  -5.2739323e-01   1.0670505e+00
  -2.8404625e-01  -6.2159240e-01   7.3007437e-01   4.3468100e-01  -5.0862385e-01   7.4315641e-01   4.3484291e-01  -1.0665869e+00  -8.1282689e-01  -2.4780934e-01  -5.2722959e-01   1.0669947e+00
  -2.8391116e-01  -6.2165879e-01   7.3007040e-01   4.3473605e-01  -5.0845847e-01   7.4314270e-01   4.3505966e-01  -1.0665162e+00  -8.1297753e-01  -2.4768378e-01  -5.2705629e-01   1.0669335e+00
  -2.8375690e-01  -6.2174702e-01   7.3005522e-01   4.3479980e-01  -5.0830723e-01   7.4310820e-01   4.3529528e-01  -1.0664407e+00  -8.1312594e-01  -2.4756591e-01  -5.2688264e-01   1.0668788e+00
  -2.8361763e-01  -6.2181596e-01   7.3005065e-01   4.3486126e-01  -5.0816002e-01   7.4308657e-01   4.3550397e-01  -1.0663694e+00  -8.1326655e-01  -2.4745755e-01  -5.2671654e-01   1.0668257e+00
  -2.8346451e-01  -6.2189805e-01   7.3004015e-01   4.3492112e-01  -5.0800292e-01   7.4305760e-01   4.3573667e-01  -1.0662952e+00  -8.1341803e-01  -2.4733827e-01  -5.2653858e-01   1.0667692e+00
  -2.8332223e-01  -6.2198101e-01   7.3002475e-01   4.3498383e-01  -5.0785255e-01   7.4302796e-01   4.3596245e-01  -1.0662201e+00  -8.1356147e-01  -2.4721868e-01  -5.2637308e-01   1.0667138e+00
  -2.8317382e-01  -6.2205627e-01   7.3001819e-01   4.3504564e-01  -5.0769498e-01   7.4300393e-01   4.3618685e-01  -1.0661460e+00  -8.1371153e-01  -2.4710146e-01  -5.2619618e-01   1.0666566e+00
  -2.8303300e-01  -6.2214547e-01   7.2999681e-01   4.3510514e-01  -5.0753757e-01   7.4297284e-01   4.3642291e-01  -1.0660704e+00  -8.1385867e-01  -2.4697029e-01  -5.2603016e-01   1.0665986e+00
  -2.8288586e-01  -6.2223282e-01   7.2997938e-01   4.3517007e-01  -5.0738160e-01   7.4294125e-01   4.3665803e-01  -1.0659920e+00  -8.1400707e-01  -2.4684532e-01  -5.2585922e-01   1.0665414e+00
  -2.8259068e-01  -6.2238427e-01   7.2996463e-01   4.3529045e-01  -5.0705885e-01   7.4289488e-01   4.3711158e-01  -1.0658434e+00  -8.1431069e-01  -2.4660297e-01  -5.2550271e-01   1.0664252e+00
  -2.8244195e-01  -6.2247330e-01   7.2994625e-01   4.3535777e-01  -5.0691381e-01   7.4285849e-01   4.3734157e-01  -1.0657701e+00  -8.1445251e-01  -2.4648787e-01  -5.2533685e-01   1.0663689e+00
  -2.8229864e-01  -6.2254740e-01   7.2993851e-01   4.3541514e-01  -5.0675089e-01   7.4283738e-01   4.3756619e-01  -1.0656970e+00  -8.1460357e-01  -2.4636428e-01  -5.2516059e-01   1.0663103e+00
  -2.8214311e-01  -6.2263223e-01   7.2992627e-01   4.3548067e-01  -5.0660260e-01   7.4280317e-01   4.3779592e-01  -1.0656246e+00  -8.1474968e-01  -2.4625308e-01  -5.2498606e-01   1.0662551e+00
  -2.8200544e-01  -6.2271379e-01   7.2990990e-01   4.3554103e-01  -5.0644241e-01   7.4277767e-01   4.3802443e-01  -1.0655495e+00  -8.1489694e-01  -2.4612370e-01  -5.2481818e-01   1.0661938e+00
  -2.8187159e-01  -6.2279079e-01   7.2989587e-01   4.3560031e-01  -5.0628516e-01   7.4275468e-01   4.3824518e-01  -1.0654774e+00  -8.1504092e-01  -2.4599825e-01  -5.2465336e-01   1.0661345e+00
  -2.8172698e-01  -6.2287238e-01   7.2988212e-01   4.3566488e-01  -5.0612573e-01   7.4272757e-01   4.3847521e-01  -1.0653988e+00  -8.1518998e-01  -2.4587345e-01  -5.2448028e-01   1.0660760e+00
  -2.8158353e-01  -6.2296013e-01   7.2986259e-01   4.3572670e-01  -5.0596948e-01   7.4269595e-01   4.3870902e-01  -1.0653237e+00  -8.1533651e-01  -2.4574661e-01  -5.2431190e-01   1.0660177e+00
  -2.8142105e-01  -6.2303888e-01   7.2985804e-01   4.3579345e-01  -5.0580941e-01   7.4266738e-01   4.3894185e-01  -1.0652463e+00  -8.1549191e-01  -2.4563321e-01  -5.2412336e-01   1.0659612e+00
  -2.8128143e-01  -6.2312023e-01   7.2984240e-01   4.3584992e-01  -5.0563936e-01   7.4264434e-01   4.3917670e-01  -1.0651702e+00  -8.1564549e-01  -2.4549644e-01  -5.2394840e-01   1.0658998e+00
  -2.8110510e-01  -6.2320779e-01   7.2983558e-01   4.3592336e-01  -5.0548427e-01   7.4260639e-01   4.3941937e-01  -1.0650880e+00  -8.1580241e-01  -2.4538902e-01  -5.2375439e-01   1.0658472e+00
  -2.8094776e-01  -6.2329487e-01   7.2982179e-01   4.3598734e-01  -5.0532764e-01   7.4257256e-01   4.3965663e-01  -1.0650103e+00  -8.1595360e-01  -2.4527024e-01  -5.2357444e-01   1.0657918e+00
  -2.8077650e-01  -6.2338219e-01   7.2981316e-01   4.3605672e-01  -5.0516361e-01   7.4253822e-01   4.3990309e-01  -1.0649302e+00  -8.1611415e-01  -2.4515223e-01  -5.2337949e-01   1.0657342e+00
  -2.8062252e-01  -6.2347328e-01   7.2979456e-01   4.3612318e-01  -5.0500736e-01   7.4250237e-01   4.4014297e-01  -1.0648531e+00  -8.1626375e-01  -2.4502928e-01  -5.2320369e-01   1.0656772e+00
  -2.8032443e-01  -6.2363281e-01   7.2977279e-01   4.3624610e-01  -5.0468969e-01   7.4244742e-01   4.4059974e-01  -1.0647060e+00  -8.1656260e-01  -2.4478962e-01  -5.2284946e-01   1.0655615e+00
  -2.8017537e-01  -6.2371228e-01   7.2976209e-01   4.3630989e-01  -5.0453446e-01   7.4241896e-01   4.4082543e-01  -1.0646334e+00  -8.1670968e-01  -2.4467338e-01  -5.2267411e-01   1.0655034e+00
  -2.8004970e-01  -6.2379133e-01   7.2974277e-01   4.3636636e-01  -5.0437679e-01   7.4239569e-01   4.4104500e-01  -1.0645623e+00  -8.1685019e-01  -2.4454247e-01  -5.2251583e-01   1.0654426e+00
  -2.7991988e-01  -6.2387352e-01   7.2972234e-01   4.3642533e-01  -5.0421564e-01   7.4237073e-01   4.4127120e-01  -1.0644889e+00  -8.1699415e-01  -2.4440852e-01  -5.2235337e-01   1.0653799e+00
  -2.7976020e-01  -6.2396631e-01   7.2970421e-01   4.3649193e-01  -5.0406090e-01   7.4233198e-01   4.4151310e-01  -1.0644137e+00  -8.1714436e-01  -2.4428925e-01  -5.2217418e-01   1.0653218e+00
  -2.7960339e-01  -6.2404762e-01   7.2969481e-01   4.3655968e-01  -5.0389602e-01   7.4230371e-01   4.4174882e-01  -1.0643353e+00  -8.1729965e-01  -2.4416757e-01  -5.2198800e-01   1.0652621e+00
  -2.7945205e-01  -6.2413155e-01   7.2968101e-01   4.3662308e-01  -5.0373805e-01   7.4227267e-01   4.4198105e-01  -1.0642598e+00  -8.1744877e-01  -2.4404730e-01  -5.2181071e-01   1.0652039e+00
  -2.7929562e-01  -6.2422498e-01   7.2966097e-01   4.3669428e-01  -5.0358304e-01   7.4223408e-01   4.4222246e-01  -1.0641811e+00  -8.1759776e-01  -2.4392579e-01  -5.2163410e-01   1.0651457e+00
  -2.7911032e-01  -6.2431864e-01   7.2965171e-01   4.3676827e-01  -5.0342602e-01   7.4219062e-01   4.4247417e-01  -1.0641010e+00  -8.1775771e-01  -2.4381830e-01  -5.2143357e-01   1.0650918e+00
  -2.7892750e-01  -6.2440808e-01   7.2964513e-01   4.3684072e-01  -5.0327134e-01   7.4214939e-01   4.4271913e-01  -1.0640226e+00  -8.1791528e-01  -2.4371462e-01  -5.2123484e-01   1.0650394e+00
  -2.7877269e-01  -6.2448573e-01   7.2963783e-01   4.3690573e-01  -5.0312191e-01   7.4211881e-01   4.4294023e-01  -1.0639496e+00  -8.1805999e-01  -2.4360885e-01  -5.2105719e-01   1.0649848e+00
  -2.7860212e-01  -6.2457391e-01   7.2962749e-01   4.3697273e-01  -5.0296179e-01   7.4208207e-01   4.4318350e-01  -1.0638734e+00  -8.1821652e-01  -2.4349462e-01  -5.2086474e-01   1.0649297e+00
  -2.7843432e-01  -6.2466268e-01   7.2961554e-01   4.3704201e-01  -5.0280557e-01   7.4204432e-01   4.4342394e-01  -1.0637967e+00  -8.1836966e-01  -2.4338202e-01  -5.2067681e-01   1.0648726e+00
  -2.7828691e-01  -6.2473664e-01   7.2960847e-01   4.3710311e-01  -5.0264226e-01   7.4202125e-01   4.4364769e-01  -1.0637245e+00  -8.1852012e-01  -2.4326245e-01  -5.2049611e-01   1.0648134e+00
  -2.7812414e-01  -6.2482156e-01   7.2959779e-01   4.3717022e-01  -5.0248176e-01   7.4198784e-01   4.4388523e-01  -1.0636476e+00  -8.1867393e-01  -2.4314613e-01  -5.2030849e-01   1.0647562e+00
  -2.7782844e-01  -6.2498562e-01   7.2956998e-01   4.3729762e-01  -5.0215515e-01   7.4193153e-01   4.4434881e-01  -1.0634961e+00  -8.1897469e-01  -2.4289635e-01  -5.1995175e-01   1.0646349e+00
  -2.7768504e-01  -6.2507537e-01   7.2954766e-01   4.3736083e-01  -5.0198935e-01   7.4190008e-01   4.4458850e-01  -1.0634183e+00  -8.1912497e-01  -2.4276134e-01  -5.1977805e-01   1.0645724e+00
  -2.7753945e-01  -6.2516456e-01   7.2952666e-01   4.3742587e-01  -5.0182464e-01   7.4186822e-01   4.4482761e-01  -1.0633395e+00  -8.1927520e-01  -2.4262899e-01  -5.1960303e-01   1.0645112e+00
  -2.7738386e-01  -6.2526374e-01   7.2950085e-01   4.3749500e-01  -5.0166820e-01   7.4182597e-01   4.4507448e-01  -1.0632599e+00  -8.1942372e-01  -2.4250264e-01  -5.1942783e-01   1.0644531e+00
  -2.7722297e-01  -6.2534767e-01   7.2949003e-01   4.3756282e-01  -5.0149531e-01   7.4179678e-01   4.4531777e-01  -1.0631790e+00  -8.1958395e-01  -2.4237528e-01  -5.1923437e-01   1.0643911e+00
  -2.7706197e-01  -6.2544901e-01   7.2946434e-01   4.3763424e-01  -5.0133710e-01   7.4175262e-01   4.4556940e-01  -1.0630981e+00  -8.1973519e-01  -2.4224896e-01  -5.1905458e-01   1.0643323e+00
  -2.7689278e-01  -6.2553947e-01   7.2945101e-01   4.3770459e-01  -5.0117004e-01   7.4171617e-01   4.4581799e-01  -1.0630160e+00  -8.1989453e-01  -2.4212696e-01  -5.1885982e-01   1.0642738e+00
  -2.7670789e-01  -6.2563916e-01   7.2943569e-01   4.3777847e-01  -5.0101170e-01   7.4166863e-01   4.4607503e-01  -1.0629347e+00  -8.2005369e-01  -2.4201509e-01  -5.1866044e-01   1.0642200e+00
  -2.7651303e-01  -6.2572295e-01   7.2943769e-01   4.3785309e-01  -5.0084700e-01   7.4163078e-01   4.4632282e-01  -1.0628546e+00  -8.2021999e-01  -2.4191435e-01  -5.1844439e-01   1.0641656e+00
  -2.7633370e-01  -6.2582246e-01   7.2942027e-01   4.3792654e-01  -5.0069121e-01   7.4158348e-01   4.4657615e-01  -1.0627751e+00  -8.2037548e-01  -2.4180207e-01  -5.1825067e-01   1.0641109e+00
  -2.7620293e-01  -6.2589868e-01   7.2940436e-01   4.3798446e-01  -5.0052211e-01   7.4156303e-01   4.4679966e-01  -1.0627004e+00  -8.2052274e-01  -2.4166743e-01  -5.1808039e-01   1.0640487e+00
  -2.7601445e-01  -6.2598838e-01   7.2939882e-01   4.3805772e-01  -5.0036507e-01   7.4152029e-01   4.4704637e-01  -1.0626238e+00  -8.2068193e-01  -2.4156623e-01  -5.1787541e-01   1.0639948e+00
  -2.7585613e-01  -6.2607695e-01   7.2938265e-01   4.3812658e-01  -5.0020443e-01   7.4148471e-01   4.4728512e-01  -1.0625467e+00  -8.2083304e-01  -2.4144590e-01  -5.1769195e-01   1.0639348e+00
  -2.7571017e-01  -6.2615963e-01   7.2936687e-01   4.3818848e-01  -5.0002872e-01   7.4145929e-01   4.4752356e-01  -1.0624701e+00  -8.2098911e-01  -2.4130938e-01  -5.1750808e-01   1.0638690e+00
  -2.7538140e-01  -6.2634167e-01   7.2933476e-01   4.3832615e-01  -4.9969444e-01   7.4138645e-01   4.4801740e-01  -1.0623122e+00  -8.2130297e-01  -2.4106068e-01  -5.1712586e-01   1.0637477e+00
  -2.7523120e-01  -6.2643401e-01   7.2931214e-01   4.3839408e-01  -4.9953418e-01   7.4134964e-01   4.4825699e-01  -1.0622341e+00  -8.2145082e-01  -2.4093385e-01  -5.1695018e-01   1.0636872e+00
  -2.7506739e-01  -6.2652846e-01   7.2929284e-01   4.3846306e-01  -4.9935921e-01   7.4131336e-01   4.4851187e-01  -1.0621520e+00  -8.2161200e-01  -2.4079991e-01  -5.1675634e-01   1.0636249e+00
  -2.7489451e-01  -6.2662746e-01   7.2927294e-01   4.3854005e-01  -4.9920323e-01   7.4126701e-01   4.4876202e-01  -1.0620695e+00  -8.2176466e-01  -2.4068502e-01  -5.1656711e-01   1.0635675e+00
  -2.7473230e-01  -6.2672583e-01   7.2924952e-01   4.3860898e-01  -4.9903473e-01   7.4122655e-01   4.4901620e-01  -1.0619883e+00  -8.2192121e-01  -2.4055342e-01  -5.1637926e-01   1.0635063e+00
  -2.7455502e-01  -6.2681991e-01   7.2923546e-01   4.3868280e-01  -4.9887255e-01   7.4118409e-01   4.4926642e-01  -1.0619080e+00  -8.2207892e-01  -2.4043903e-01  -5.1618150e-01   1.0634497e+00
  -2.7436141e-01  -6.2692331e-01   7.2921946e-01   4.3876292e-01  -4.9871836e-01   7.4113057e-01   4.4952581e-01  -1.0618236e+00  -8.2223708e-01  -2.4033445e-01  -5.1597824e-01   1.0633972e+00
  -2.7419600e-01  -6.2700909e-01   7.2920790e-01   4.3883015e-01  -4.9855322e-01   7.4109612e-01   4.4976574e-01  -1.0617478e+00  -8.2239243e-01  -2.4021680e-01  -5.1578548e-01   1.0633388e+00
  -2.7401057e-01  -6.2709940e-01   7.2919994e-01   4.3890219e-01  -4.9839197e-01   7.4105411e-01   4.5001366e-01  -1.0616696e+00  -8.2255195e-01  -2.4011073e-01  -5.1558045e-01   1.0632832e+00
  -2.7383366e-01  -6.2719906e-01   7.2918070e-01   4.3897685e-01  -4.9823881e-01   7.4100537e-01   4.5026333e-01  -1.0615932e+00  -8.2270359e-01  -2.4000071e-01  -5.1538958e-01   1.0632279e+00
  -2.7367079e-01  -6.2727891e-01   7.2917312e-01   4.3904366e-01  -4.9806895e-01   7.4097626e-01   4.5049914e-01  -1.0615169e+00  -8.2286063e-01  -2.3988189e-01  -5.1519418e-01   1.0631666e+00
  -2.7348616e-01  -6.2737210e-01   7.2916229e-01   4.3911881e-01  -4.9790995e-01   7.4093180e-01   4.5074799e-01  -1.0614388e+00  -8.2301822e-01  -2.3977566e-01  -5.1499188e-01   1.0631096e+00
  -2.7331662e-01  -6.2745882e-01   7.2915118e-01   4.3918741e-01  -4.9774166e-01   7.4089664e-01   4.5099160e-01  -1.0613613e+00  -8.2317630e-01  -2.3965731e-01  -5.1479425e-01   1.0630507e+00
  -2.7314464e-01  -6.2755607e-01   7.2913196e-01   4.3925915e-01  -4.9757987e-01   7.4085257e-01   4.5124244e-01  -1.0612821e+00  -8.2333122e-01  -2.3953875e-01  -5.1460170e-01   1.0629925e+00
  -2.7284213e-01  -6.2774600e-01   7.2908169e-01   4.3939659e-01  -4.9725243e-01   7.4077569e-01   4.5172932e-01  -1.0611237e+00  -8.2362929e-01  -2.3927872e-01  -5.1424558e-01   1.0628692e+00
  -2.7267417e-01  -6.2783991e-01   7.2906370e-01   4.3946768e-01  -4.9707434e-01   7.4073901e-01   4.5198543e-01  -1.0610392e+00  -8.2379240e-01  -2.3914597e-01  -5.1404605e-01   1.0628058e+00
  -2.7249283e-01  -6.2794179e-01   7.2904374e-01   4.3954427e-01  -4.9691095e-01   7.4069059e-01   4.5224437e-01  -1.0609547e+00  -8.2395093e-01  -2.3902835e-01  -5.1384654e-01   1.0627493e+00
  -2.7233506e-01  -6.2803350e-01   7.2902368e-01   4.3961267e-01  -4.9673678e-01   7.4065580e-01   4.5249254e-01  -1.0608711e+00  -8.2410809e-01  -2.3889514e-01  -5.1365646e-01   1.0626869e+00
  -2.7215300e-01  -6.2813797e-01   7.2900167e-01   4.3969056e-01  -4.9657167e-01   7.4060604e-01   4.5275523e-01  -1.0607846e+00  -8.2426776e-01  -2.3877475e-01  -5.1345621e-01   1.0626299e+00
  -2.7195920e-01  -6.2823509e-01   7.2899034e-01   4.3976880e-01  -4.9639950e-01   7.4056070e-01   4.5301810e-01  -1.0606977e+00  -8.2443541e-01  -2.3865986e-01  -5.1324045e-01   1.0625746e+00
  -2.7178722e-01  -6.2833891e-01   7.2896497e-01   4.3984108e-01  -4.9623494e-01   7.4051283e-01   4.5327653e-01  -1.0606149e+00  -8.2459118e-01  -2.3853500e-01  -5.1304823e-01   1.0625150e+00
  -2.7159557e-01  -6.2843312e-01   7.2895519e-01   4.3991883e-01  -4.9606362e-01   7.4046932e-01   4.5353511e-01  -1.0605289e+00  -8.2475738e-01  -2.3842193e-01  -5.1283354e-01   1.0624582e+00
  -2.7141337e-01  -6.2853253e-01   7.2893735e-01   4.3999459e-01  -4.9589820e-01   7.4042246e-01   4.5379238e-01  -1.0604466e+00  -8.2491682e-01  -2.3830530e-01  -5.1263127e-01   1.0624003e+00
  -2.7123553e-01  -6.2862902e-01   7.2892033e-01   4.4006535e-01  -4.9572856e-01   7.4037939e-01   4.5404796e-01  -1.0603655e+00  -8.2507727e-01  -2.3818456e-01  -5.1242911e-01   1.0623406e+00
  -2.7107395e-01  -6.2872423e-01   7.2889831e-01   4.4013659e-01  -4.9555475e-01   7.4034118e-01   4.5429994e-01  -1.0602836e+00  -8.2523476e-01  -2.3805202e-01  -5.1223710e-01   1.0622790e+00
