  -2.2765144e-01  -5.0660343e-01   8.3162240e-01   3.3617847e-01  -4.5691619e-01   8.0976367e-01   3.6820972e-01  -1.1290549e+00  -8.5992468e-01  -2.9614820e-01  -4.1580497e-01   1.1061015e+00
  -2.2765188e-01  -5.0660322e-01   8.3162241e-01   3.3617786e-01  -4.5692532e-01   8.0976071e-01   3.6820493e-01  -1.1290592e+00  -8.5991969e-01  -2.9615672e-01  -4.1580924e-01   1.1061034e+00
  -2.2763976e-01  -5.0661544e-01   8.3161824e-01   3.3618767e-01  -4.5694308e-01   8.0974731e-01   3.6821228e-01  -1.1290594e+00  -8.5991344e-01  -2.9617234e-01  -4.1581101e-01   1.1061111e+00
  -2.2765757e-01  -5.0661245e-01   8.3161521e-01   3.3618207e-01  -4.5694507e-01   8.0975064e-01   3.6820244e-01  -1.1290629e+00  -8.5990771e-01  -2.9616832e-01  -4.1582579e-01   1.1061103e+00
  -2.2766015e-01  -5.0661443e-01   8.3161327e-01   3.3618343e-01  -4.5695365e-01   8.0974721e-01   3.6819939e-01  -1.1290637e+00  -8.5990244e-01  -2.9617434e-01  -4.1583235e-01   1.1061124e+00
  -2.2766126e-01  -5.0661817e-01   8.3161074e-01   3.3618567e-01  -4.5696304e-01   8.0974251e-01   3.6819808e-01  -1.1290659e+00  -8.5989718e-01  -2.9618084e-01  -4.1583862e-01   1.1061160e+00
  -2.2766174e-01  -5.0662834e-01   8.3160435e-01   3.3619152e-01  -4.5698126e-01   8.0973180e-01   3.6819904e-01  -1.1290674e+00  -8.5988735e-01  -2.9619268e-01  -4.1585049e-01   1.1061224e+00
  -2.2764451e-01  -5.0663752e-01   8.3160350e-01   3.3619810e-01  -4.5699789e-01   8.0971941e-01   3.6820568e-01  -1.1290693e+00  -8.5988310e-01  -2.9621096e-01  -4.1584631e-01   1.1061278e+00
  -2.2766515e-01  -5.0663596e-01   8.3159882e-01   3.3619564e-01  -4.5701182e-01   8.0971845e-01   3.6819050e-01  -1.1290751e+00  -8.5987022e-01  -2.9621627e-01  -4.1586915e-01   1.1061312e+00
  -2.2766413e-01  -5.0665376e-01   8.3158827e-01   3.3620282e-01  -4.5702890e-01   8.0970451e-01   3.6819992e-01  -1.1290763e+00  -8.5986140e-01  -2.9622389e-01  -4.1588192e-01   1.1061367e+00
  -2.2766555e-01  -5.0664990e-01   8.3159024e-01   3.3620343e-01  -4.5704317e-01   8.0970150e-01   3.6818879e-01  -1.1290800e+00  -8.5985346e-01  -2.9623862e-01  -4.1588787e-01   1.1061416e+00
  -2.2766502e-01  -5.0665377e-01   8.3158800e-01   3.3620637e-01  -4.5705164e-01   8.0969678e-01   3.6818867e-01  -1.1290808e+00  -8.5984907e-01  -2.9624492e-01  -4.1589243e-01   1.1061431e+00
  -2.2765697e-01  -5.0665785e-01   8.3158774e-01   3.3621086e-01  -4.5706528e-01   8.0968906e-01   3.6818872e-01  -1.1290829e+00  -8.5984397e-01  -2.9625906e-01  -4.1589294e-01   1.1061490e+00
  -2.2766067e-01  -5.0666646e-01   8.3158147e-01   3.3621244e-01  -4.5707688e-01   8.0968183e-01   3.6819022e-01  -1.1290856e+00  -8.5983678e-01  -2.9626416e-01  -4.1590410e-01   1.1061523e+00
  -2.2766830e-01  -5.0666314e-01   8.3158140e-01   3.3621287e-01  -4.5709018e-01   8.0967986e-01   3.6817803e-01  -1.1290893e+00  -8.5982770e-01  -2.9627516e-01  -4.1591505e-01   1.1061547e+00
  -2.2765603e-01  -5.0666792e-01   8.3158185e-01   3.3621565e-01  -4.5709557e-01   8.0967405e-01   3.6818422e-01  -1.1290918e+00  -8.5982812e-01  -2.9628295e-01  -4.1590870e-01   1.1061568e+00
  -2.2765612e-01  -5.0667021e-01   8.3158039e-01   3.3621898e-01  -4.5711559e-01   8.0966614e-01   3.6817671e-01  -1.1290941e+00  -8.5981743e-01  -2.9630062e-01  -4.1591816e-01   1.1061636e+00
  -2.2765349e-01  -5.0667170e-01   8.3158020e-01   3.3622227e-01  -4.5712506e-01   8.0966182e-01   3.6817445e-01  -1.1290965e+00  -8.5981311e-01  -2.9630989e-01  -4.1592053e-01   1.1061660e+00
  -2.2765816e-01  -5.0667319e-01   8.3157806e-01   3.3622272e-01  -4.5713381e-01   8.0965883e-01   3.6817010e-01  -1.1290986e+00  -8.5980720e-01  -2.9631541e-01  -4.1592876e-01   1.1061699e+00
  -2.2765772e-01  -5.0666744e-01   8.3158167e-01   3.3622082e-01  -4.5713671e-01   8.0966035e-01   3.6816325e-01  -1.1291017e+00  -8.5980576e-01  -2.9632124e-01  -4.1592754e-01   1.1061700e+00
  -2.2765616e-01  -5.0667540e-01   8.3157724e-01   3.3622638e-01  -4.5715512e-01   8.0965024e-01   3.6816263e-01  -1.1291039e+00  -8.5979641e-01  -2.9633522e-01  -4.1593697e-01   1.1061764e+00
  -2.2764984e-01  -5.0667401e-01   8.3157986e-01   3.3622650e-01  -4.5715996e-01   8.0964822e-01   3.6816107e-01  -1.1291070e+00  -8.5979553e-01  -2.9634312e-01  -4.1593318e-01   1.1061763e+00
  -2.2766132e-01  -5.0666921e-01   8.3157963e-01   3.3622359e-01  -4.5716981e-01   8.0964869e-01   3.6814774e-01  -1.1291098e+00  -8.5978724e-01  -2.9635002e-01  -4.1594539e-01   1.1061797e+00
  -2.2767222e-01  -5.0668277e-01   8.3156836e-01   3.3622726e-01  -4.5718497e-01   8.0963911e-01   3.6815001e-01  -1.1291125e+00  -8.5977630e-01  -2.9635293e-01  -4.1596595e-01   1.1061843e+00
  -2.2766857e-01  -5.0667457e-01   8.3157437e-01   3.3622773e-01  -4.5720512e-01   8.0963526e-01   3.6813345e-01  -1.1291203e+00  -8.5976652e-01  -2.9637755e-01  -4.1596856e-01   1.1061897e+00
  -2.2765240e-01  -5.0667779e-01   8.3157684e-01   3.3623366e-01  -4.5721750e-01   8.0962708e-01   3.6813603e-01  -1.1291221e+00  -8.5976423e-01  -2.9639433e-01  -4.1596139e-01   1.1061943e+00
  -2.2765309e-01  -5.0667639e-01   8.3157747e-01   3.3623337e-01  -4.5722769e-01   8.0962430e-01   3.6812954e-01  -1.1291256e+00  -8.5975865e-01  -2.9640438e-01  -4.1596579e-01   1.1061977e+00
  -2.2765612e-01  -5.0668006e-01   8.3157441e-01   3.3623729e-01  -4.5724137e-01   8.0961843e-01   3.6812546e-01  -1.1291263e+00  -8.5975056e-01  -2.9641413e-01  -4.1597554e-01   1.1062025e+00
  -2.2767262e-01  -5.0668502e-01   8.3156687e-01   3.3623347e-01  -4.5725893e-01   8.0961270e-01   3.6811625e-01  -1.1291324e+00  -8.5973685e-01  -2.9642130e-01  -4.1599877e-01   1.1062063e+00
  -2.2767047e-01  -5.0668072e-01   8.3157009e-01   3.3623271e-01  -4.5725647e-01   8.0961510e-01   3.6811397e-01  -1.1291348e+00  -8.5973873e-01  -2.9642206e-01  -4.1599435e-01   1.1062050e+00
  -2.2765024e-01  -5.0669244e-01   8.3156845e-01   3.3624367e-01  -4.5728117e-01   8.0959834e-01   3.6812022e-01  -1.1291378e+00  -8.5973093e-01  -2.9644787e-01  -4.1599202e-01   1.1062137e+00
  -2.2764983e-01  -5.0668624e-01   8.3157239e-01   3.3624316e-01  -4.5728998e-01   8.0959795e-01   3.6811007e-01  -1.1291410e+00  -8.5972636e-01  -2.9645945e-01  -4.1599321e-01   1.1062168e+00
  -2.2766637e-01  -5.0668958e-01   8.3156582e-01   3.3623991e-01  -4.5729927e-01   8.0959578e-01   3.6810329e-01  -1.1291451e+00  -8.5971707e-01  -2.9645962e-01  -4.1601234e-01   1.1062185e+00
  -2.2765242e-01  -5.0668361e-01   8.3157328e-01   3.3624049e-01  -4.5730155e-01   8.0959554e-01   3.6810101e-01  -1.1291469e+00  -8.5971950e-01  -2.9647057e-01  -4.1599945e-01   1.1062185e+00
  -2.2765221e-01  -5.0668271e-01   8.3157388e-01   3.3624168e-01  -4.5731123e-01   8.0959255e-01   3.6809555e-01  -1.1291505e+00  -8.5971440e-01  -2.9648024e-01  -4.1600312e-01   1.1062216e+00
  -2.2764828e-01  -5.0667837e-01   8.3157758e-01   3.3624315e-01  -4.5732348e-01   8.0958964e-01   3.6808670e-01  -1.1291543e+00  -8.5970895e-01  -2.9649554e-01  -4.1600346e-01   1.1062253e+00
  -2.2765830e-01  -5.0668595e-01   8.3157023e-01   3.3624416e-01  -4.5734063e-01   8.0958190e-01   3.6808248e-01  -1.1291575e+00  -8.5969720e-01  -2.9650373e-01  -4.1602195e-01   1.1062297e+00
  -2.2765965e-01  -5.0668926e-01   8.3156786e-01   3.3624519e-01  -4.5734994e-01   8.0957745e-01   3.6808068e-01  -1.1291614e+00  -8.5969191e-01  -2.9651029e-01  -4.1602823e-01   1.1062327e+00
  -2.2764824e-01  -5.0669032e-01   8.3157031e-01   3.3624905e-01  -4.5736635e-01   8.0956957e-01   3.6807764e-01  -1.1291656e+00  -8.5968616e-01  -2.9653000e-01  -4.1602606e-01   1.1062382e+00
  -2.2764285e-01  -5.0668717e-01   8.3157375e-01   3.3624800e-01  -4.5737513e-01   8.0956710e-01   3.6807209e-01  -1.1291715e+00  -8.5968289e-01  -2.9654208e-01  -4.1602413e-01   1.1062398e+00
  -2.2766158e-01  -5.0668319e-01   8.3157100e-01   3.3624297e-01  -4.5737919e-01   8.0957033e-01   3.6805997e-01  -1.1291744e+00  -8.5967582e-01  -2.9654007e-01  -4.1604026e-01   1.1062400e+00
  -2.2765585e-01  -5.0669178e-01   8.3156738e-01   3.3624778e-01  -4.5739546e-01   8.0956005e-01   3.6806239e-01  -1.1291772e+00  -8.5966867e-01  -2.9655349e-01  -4.1604548e-01   1.1062459e+00
  -2.2763876e-01  -5.0668833e-01   8.3157414e-01   3.3624936e-01  -4.5739942e-01   8.0955759e-01   3.6806285e-01  -1.1291804e+00  -8.5967106e-01  -2.9656605e-01  -4.1603151e-01   1.1062467e+00
  -2.2764150e-01  -5.0668767e-01   8.3157375e-01   3.3624927e-01  -4.5740925e-01   8.0955493e-01   3.6805657e-01  -1.1291838e+00  -8.5966511e-01  -2.9657454e-01  -4.1603777e-01   1.1062492e+00
  -2.2765452e-01  -5.0668685e-01   8.3157070e-01   3.3624642e-01  -4.5742226e-01   8.0955282e-01   3.6804504e-01  -1.1291889e+00  -8.5965478e-01  -2.9658174e-01  -4.1605405e-01   1.1062513e+00
  -2.2765549e-01  -5.0668549e-01   8.3157132e-01   3.3624643e-01  -4.5742821e-01   8.0955147e-01   3.6804053e-01  -1.1291920e+00  -8.5965135e-01  -2.9658762e-01  -4.1605691e-01   1.1062531e+00
  -2.2764807e-01  -5.0668153e-01   8.3157572e-01   3.3624696e-01  -4.5743546e-01   8.0954960e-01   3.6803565e-01  -1.1291956e+00  -8.5964945e-01  -2.9659952e-01  -4.1605239e-01   1.1062558e+00
  -2.2764644e-01  -5.0668390e-01   8.3157473e-01   3.3624833e-01  -4.5744019e-01   8.0954668e-01   3.6803625e-01  -1.1291972e+00  -8.5964740e-01  -2.9660346e-01  -4.1605383e-01   1.1062565e+00
  -2.2763203e-01  -5.0669049e-01   8.3157463e-01   3.3625177e-01  -4.5745585e-01   8.0953616e-01   3.6803995e-01  -1.1292011e+00  -8.5964282e-01  -2.9662095e-01  -4.1605072e-01   1.1062615e+00
  -2.2763152e-01  -5.0669089e-01   8.3157456e-01   3.3625300e-01  -4.5746145e-01   8.0953394e-01   3.6803778e-01  -1.1292031e+00  -8.5963999e-01  -2.9662624e-01  -4.1605283e-01   1.1062624e+00
  -2.2763554e-01  -5.0668513e-01   8.3157697e-01   3.3624928e-01  -4.5746597e-01   8.0953555e-01   3.6802857e-01  -1.1292079e+00  -8.5963649e-01  -2.9663169e-01  -4.1605615e-01   1.1062633e+00
  -2.2762964e-01  -5.0667838e-01   8.3158268e-01   3.3624963e-01  -4.5746649e-01   8.0953749e-01   3.6802380e-01  -1.1292095e+00  -8.5963784e-01  -2.9663801e-01  -4.1604898e-01   1.1062631e+00
  -2.2763216e-01  -5.0668834e-01   8.3157592e-01   3.3625086e-01  -4.5748474e-01   8.0952718e-01   3.6802375e-01  -1.1292146e+00  -8.5962742e-01  -2.9664916e-01  -4.1606248e-01   1.1062692e+00
  -2.2764769e-01  -5.0667392e-01   8.3158049e-01   3.3624314e-01  -4.5748414e-01   8.0953611e-01   3.6800487e-01  -1.1292192e+00  -8.5962365e-01  -2.9664933e-01  -4.1607016e-01   1.1062671e+00
  -2.2763583e-01  -5.0668627e-01   8.3157616e-01   3.3624933e-01  -4.5749633e-01   8.0952463e-01   3.6801494e-01  -1.1292195e+00  -8.5962030e-01  -2.9665954e-01  -4.1606981e-01   1.1062711e+00
  -2.2763123e-01  -5.0667384e-01   8.3158502e-01   3.3624604e-01  -4.5749644e-01   8.0952938e-01   3.6800435e-01  -1.1292243e+00  -8.5962145e-01  -2.9666778e-01  -4.1606152e-01   1.1062708e+00
  -2.2764786e-01  -5.0668273e-01   8.3157504e-01   3.3624422e-01  -4.5750423e-01   8.0952531e-01   3.6800362e-01  -1.1292267e+00  -8.5961290e-01  -2.9666377e-01  -4.1608208e-01   1.1062728e+00
  -2.2764731e-01  -5.0667386e-01   8.3158057e-01   3.3624254e-01  -4.5750750e-01   8.0952800e-01   3.6799362e-01  -1.1292284e+00  -8.5961134e-01  -2.9667151e-01  -4.1607983e-01   1.1062732e+00
  -2.2765101e-01  -5.0668090e-01   8.3157529e-01   3.3624258e-01  -4.5751892e-01   8.0952155e-01   3.6799368e-01  -1.1292322e+00  -8.5960425e-01  -2.9667722e-01  -4.1609033e-01   1.1062754e+00
  -2.2765164e-01  -5.0667168e-01   8.3158073e-01   3.3624079e-01  -4.5751701e-01   8.0952632e-01   3.6798539e-01  -1.1292334e+00  -8.5960509e-01  -2.9667977e-01  -4.1608676e-01   1.1062750e+00
  -2.2765324e-01  -5.0667055e-01   8.3158097e-01   3.3624044e-01  -4.5752475e-01   8.0952442e-01   3.6798005e-01  -1.1292372e+00  -8.5960053e-01  -2.9668697e-01  -4.1609104e-01   1.1062774e+00
  -2.2765790e-01  -5.0666649e-01   8.3158219e-01   3.3623725e-01  -4.5752692e-01   8.0952618e-01   3.6797345e-01  -1.1292395e+00  -8.5959813e-01  -2.9668908e-01  -4.1609446e-01   1.1062782e+00
  -2.2765271e-01  -5.0666670e-01   8.3158350e-01   3.3623863e-01  -4.5753411e-01   8.0952284e-01   3.6797191e-01  -1.1292429e+00  -8.5959572e-01  -2.9669790e-01  -4.1609323e-01   1.1062797e+00
  -2.2764123e-01  -5.0667305e-01   8.3158274e-01   3.3624138e-01  -4.5753641e-01   8.0951744e-01   3.6798088e-01  -1.1292432e+00  -8.5959753e-01  -2.9670169e-01  -4.1608679e-01   1.1062810e+00
  -2.2764154e-01  -5.0666226e-01   8.3158927e-01   3.3624009e-01  -4.5755031e-01   8.0951750e-01   3.6796351e-01  -1.1292490e+00  -8.5959002e-01  -2.9672006e-01  -4.1608915e-01   1.1062836e+00
  -2.2764325e-01  -5.0665202e-01   8.3159502e-01   3.3623513e-01  -4.5753987e-01   8.0952592e-01   3.6795798e-01  -1.1292502e+00  -8.5959516e-01  -2.9671462e-01  -4.1608247e-01   1.1062803e+00
  -2.2765598e-01  -5.0665706e-01   8.3158849e-01   3.3623553e-01  -4.5754924e-01   8.0952237e-01   3.6795413e-01  -1.1292523e+00  -8.5958683e-01  -2.9671561e-01  -4.1609901e-01   1.1062825e+00
  -2.2765712e-01  -5.0665340e-01   8.3159042e-01   3.3623282e-01  -4.5755372e-01   8.0952261e-01   3.6794797e-01  -1.1292547e+00  -8.5958410e-01  -2.9672119e-01  -4.1610059e-01   1.1062839e+00
  -2.2764692e-01  -5.0664506e-01   8.3159826e-01   3.3623190e-01  -4.5755521e-01   8.0952421e-01   3.6794261e-01  -1.1292579e+00  -8.5958601e-01  -2.9673104e-01  -4.1608962e-01   1.1062848e+00
  -2.2766086e-01  -5.0664683e-01   8.3159336e-01   3.3623222e-01  -4.5755730e-01   8.0952483e-01   3.6793865e-01  -1.1292579e+00  -8.5958120e-01  -2.9672630e-01  -4.1610294e-01   1.1062840e+00
  -2.2767283e-01  -5.0664573e-01   8.3159078e-01   3.3622765e-01  -4.5756405e-01   8.0952486e-01   3.6793028e-01  -1.1292604e+00  -8.5957449e-01  -2.9672820e-01  -4.1611552e-01   1.1062858e+00
  -2.2766636e-01  -5.0663309e-01   8.3160023e-01   3.3622585e-01  -4.5756110e-01   8.0953047e-01   3.6792157e-01  -1.1292638e+00  -8.5957773e-01  -2.9673447e-01  -4.1610432e-01   1.1062842e+00
  -2.2767163e-01  -5.0664069e-01   8.3159412e-01   3.3622631e-01  -4.5756382e-01   8.0952699e-01   3.6792587e-01  -1.1292634e+00  -8.5957487e-01  -2.9673103e-01  -4.1611265e-01   1.1062858e+00
  -2.2764709e-01  -5.0663036e-01   8.3160716e-01   3.3622912e-01  -4.5756675e-01   8.0952675e-01   3.6792260e-01  -1.1292659e+00  -8.5957980e-01  -2.9674921e-01  -4.1608947e-01   1.1062860e+00
  -2.2768267e-01  -5.0662054e-01   8.3160344e-01   3.3622105e-01  -4.5757400e-01   8.0953404e-01   3.6789763e-01  -1.1292686e+00  -8.5956658e-01  -2.9674607e-01  -4.1611911e-01   1.1062876e+00
  -2.2768367e-01  -5.0660911e-01   8.3161010e-01   3.3621674e-01  -4.5756781e-01   8.0954137e-01   3.6788911e-01  -1.1292710e+00  -8.5956958e-01  -2.9674556e-01  -4.1611323e-01   1.1062854e+00
  -2.2767925e-01  -5.0660758e-01   8.3161222e-01   3.3621748e-01  -4.5757056e-01   8.0954048e-01   3.6788783e-01  -1.1292731e+00  -8.5956930e-01  -2.9675077e-01  -4.1611014e-01   1.1062855e+00
  -2.2768317e-01  -5.0660735e-01   8.3161131e-01   3.3621737e-01  -4.5758063e-01   8.0953769e-01   3.6788138e-01  -1.1292743e+00  -8.5956287e-01  -2.9675875e-01  -4.1611765e-01   1.1062888e+00
  -2.2769125e-01  -5.0659550e-01   8.3161632e-01   3.3621193e-01  -4.5757617e-01   8.0954569e-01   3.6786933e-01  -1.1292766e+00  -8.5956309e-01  -2.9675710e-01  -4.1611835e-01   1.1062864e+00
  -2.2769482e-01  -5.0658933e-01   8.3161910e-01   3.3620990e-01  -4.5757655e-01   8.0954883e-01   3.6786192e-01  -1.1292778e+00  -8.5956193e-01  -2.9675904e-01  -4.1611938e-01   1.1062863e+00
  -2.2769668e-01  -5.0659103e-01   8.3161756e-01   3.3621287e-01  -4.5758498e-01   8.0954543e-01   3.6785890e-01  -1.1292787e+00  -8.5955699e-01  -2.9676540e-01  -4.1612507e-01   1.1062887e+00
  -2.2768957e-01  -5.0658729e-01   8.3162176e-01   3.3621340e-01  -4.5758526e-01   8.0954591e-01   3.6785746e-01  -1.1292793e+00  -8.5955872e-01  -2.9677044e-01  -4.1611792e-01   1.1062902e+00
  -2.2770733e-01  -5.0657374e-01   8.3162515e-01   3.3620426e-01  -4.5757402e-01   8.0955851e-01   3.6784375e-01  -1.1292809e+00  -8.5955998e-01  -2.9675927e-01  -4.1612325e-01   1.1062853e+00
  -2.2770993e-01  -5.0656194e-01   8.3163164e-01   3.3620246e-01  -4.5757769e-01   8.0956288e-01   3.6782965e-01  -1.1292832e+00  -8.5955740e-01  -2.9676753e-01  -4.1612279e-01   1.1062861e+00
  -2.2771965e-01  -5.0655536e-01   8.3163299e-01   3.3619927e-01  -4.5758214e-01   8.0956573e-01   3.6781778e-01  -1.1292857e+00  -8.5955241e-01  -2.9677096e-01  -4.1613059e-01   1.1062860e+00
  -2.2770924e-01  -5.0654823e-01   8.3164020e-01   3.3619977e-01  -4.5757969e-01   8.0956816e-01   3.6781555e-01  -1.1292852e+00  -8.5955646e-01  -2.9677657e-01  -4.1611820e-01   1.1062862e+00
  -2.2772936e-01  -5.0654451e-01   8.3163693e-01   3.3619796e-01  -4.5758445e-01   8.0957121e-01   3.6780286e-01  -1.1292864e+00  -8.5954862e-01  -2.9677450e-01  -4.1613590e-01   1.1062874e+00
  -2.2773343e-01  -5.0653831e-01   8.3163961e-01   3.3619533e-01  -4.5758254e-01   8.0957519e-01   3.6779638e-01  -1.1292873e+00  -8.5954853e-01  -2.9677413e-01  -4.1613627e-01   1.1062868e+00
  -2.2773470e-01  -5.0652481e-01   8.3164748e-01   3.3619120e-01  -4.5758359e-01   8.0958103e-01   3.6778234e-01  -1.1292905e+00  -8.5954765e-01  -2.9678134e-01  -4.1613300e-01   1.1062856e+00
  -2.2773854e-01  -5.0652412e-01   8.3164687e-01   3.3619310e-01  -4.5758976e-01   8.0957979e-01   3.6777734e-01  -1.1292905e+00  -8.5954336e-01  -2.9678592e-01  -4.1613857e-01   1.1062878e+00
  -2.2774728e-01  -5.0651459e-01   8.3165025e-01   3.3618975e-01  -4.5758485e-01   8.0958702e-01   3.6776750e-01  -1.1292908e+00  -8.5954362e-01  -2.9678242e-01  -4.1614052e-01   1.1062865e+00
  -2.2774653e-01  -5.0650185e-01   8.3165822e-01   3.3618630e-01  -4.5757891e-01   8.0959463e-01   3.6775824e-01  -1.1292919e+00  -8.5954702e-01  -2.9678350e-01  -4.1613276e-01   1.1062829e+00
  -2.2775979e-01  -5.0648944e-01   8.3166215e-01   3.3618016e-01  -4.5757891e-01   8.0960211e-01   3.6774172e-01  -1.1292936e+00  -8.5954350e-01  -2.9678421e-01  -4.1613952e-01   1.1062832e+00
  -2.2775857e-01  -5.0648374e-01   8.3166594e-01   3.3618046e-01  -4.5758154e-01   8.0960357e-01   3.6773526e-01  -1.1292950e+00  -8.5954242e-01  -2.9679003e-01  -4.1613763e-01   1.1062837e+00
  -2.2776743e-01  -5.0647431e-01   8.3166925e-01   3.3617732e-01  -4.5758215e-01   8.0960884e-01   3.6772285e-01  -1.1292963e+00  -8.5953975e-01  -2.9679160e-01  -4.1614202e-01   1.1062834e+00
  -2.2778250e-01  -5.0645453e-01   8.3167719e-01   3.3617014e-01  -4.5757661e-01   8.0962183e-01   3.6770120e-01  -1.1292972e+00  -8.5953869e-01  -2.9679004e-01  -4.1614531e-01   1.1062818e+00
  -2.2778059e-01  -5.0644802e-01   8.3168171e-01   3.3617022e-01  -4.5757908e-01   8.0962353e-01   3.6769430e-01  -1.1292991e+00  -8.5953789e-01  -2.9679643e-01  -4.1614239e-01   1.1062818e+00
  -2.2777421e-01  -5.0644602e-01   8.3168464e-01   3.3617503e-01  -4.5758560e-01   8.0962119e-01   3.6769136e-01  -1.1292984e+00  -8.5953611e-01  -2.9680622e-01  -4.1613912e-01   1.1062854e+00
  -2.2779429e-01  -5.0642506e-01   8.3169194e-01   3.3616398e-01  -4.5757274e-01   8.0963800e-01   3.6767042e-01  -1.1292997e+00  -8.5953765e-01  -2.9679625e-01  -4.1614306e-01   1.1062793e+00
  -2.2778870e-01  -5.0642443e-01   8.3169378e-01   3.3616514e-01  -4.5758075e-01   8.0963466e-01   3.6766780e-01  -1.1293012e+00  -8.5953485e-01  -2.9680640e-01  -4.1614159e-01   1.1062822e+00
  -2.2780894e-01  -5.0640413e-01   8.3170062e-01   3.3615795e-01  -4.5757633e-01   8.0964822e-01   3.6764335e-01  -1.1293031e+00  -8.5953184e-01  -2.9680398e-01  -4.1614948e-01   1.1062801e+00
  -2.2780755e-01  -5.0639527e-01   8.3170644e-01   3.3615713e-01  -4.5757227e-01   8.0965335e-01   3.6763719e-01  -1.1293033e+00  -8.5953440e-01  -2.9680520e-01  -4.1614342e-01   1.1062784e+00
  -2.2781852e-01  -5.0638235e-01   8.3171126e-01   3.3615392e-01  -4.5757123e-01   8.0966108e-01   3.6762141e-01  -1.1293044e+00  -8.5953203e-01  -2.9680608e-01  -4.1614762e-01   1.1062781e+00
  -2.2782845e-01  -5.0636868e-01   8.3171688e-01   3.3614918e-01  -4.5757079e-01   8.0966878e-01   3.6760498e-01  -1.1293058e+00  -8.5952961e-01  -2.9680837e-01  -4.1615094e-01   1.1062780e+00
  -2.2782747e-01  -5.0636077e-01   8.3172193e-01   3.3614891e-01  -4.5757505e-01   8.0967067e-01   3.6759553e-01  -1.1293079e+00  -8.5952762e-01  -2.9681675e-01  -4.1614915e-01   1.1062779e+00
  -2.2783712e-01  -5.0634940e-01   8.3172625e-01   3.3614433e-01  -4.5757060e-01   8.0967867e-01   3.6758342e-01  -1.1293079e+00  -8.5952742e-01  -2.9681423e-01  -4.1615126e-01   1.1062769e+00
  -2.2785306e-01  -5.0632884e-01   8.3173437e-01   3.3613765e-01  -4.5756459e-01   8.0969227e-01   3.6756093e-01  -1.1293097e+00  -8.5952639e-01  -2.9681224e-01  -4.1615482e-01   1.1062746e+00
  -2.2785739e-01  -5.0631332e-01   8.3174266e-01   3.3613578e-01  -4.5757046e-01   8.0969776e-01   3.6754154e-01  -1.1293119e+00  -8.5952211e-01  -2.9682373e-01  -4.1615549e-01   1.1062755e+00
  -2.2786515e-01  -5.0630105e-01   8.3174796e-01   3.3613275e-01  -4.5756237e-01   8.0970718e-01   3.6753091e-01  -1.1293114e+00  -8.5952439e-01  -2.9681901e-01  -4.1615421e-01   1.1062729e+00
  -2.2787211e-01  -5.0628859e-01   8.3175367e-01   3.3612892e-01  -4.5756869e-01   8.0971158e-01   3.6751334e-01  -1.1293141e+00  -8.5951918e-01  -2.9682832e-01  -4.1615832e-01   1.1062741e+00
  -2.2787829e-01  -5.0627536e-01   8.3176001e-01   3.3612689e-01  -4.5755829e-01   8.0972197e-01   3.6750344e-01  -1.1293130e+00  -8.5952308e-01  -2.9682256e-01  -4.1615437e-01   1.1062708e+00
  -2.2788173e-01  -5.0626351e-01   8.3176629e-01   3.3612392e-01  -4.5755844e-01   8.0972767e-01   3.6749067e-01  -1.1293137e+00  -8.5952206e-01  -2.9682719e-01  -4.1615314e-01   1.1062701e+00
  -2.2789661e-01  -5.0625317e-01   8.3176851e-01   3.3611928e-01  -4.5755637e-01   8.0973522e-01   3.6747659e-01  -1.1293151e+00  -8.5951925e-01  -2.9682422e-01  -4.1616111e-01   1.1062698e+00
  -2.2789348e-01  -5.0623780e-01   8.3177874e-01   3.3611832e-01  -4.5755693e-01   8.0974134e-01   3.6746243e-01  -1.1293160e+00  -8.5951975e-01  -2.9683377e-01  -4.1615323e-01   1.1062690e+00
  -2.2790457e-01  -5.0622306e-01   8.3178468e-01   3.3611156e-01  -4.5754810e-01   8.0975260e-01   3.6744864e-01  -1.1293178e+00  -8.5952152e-01  -2.9682820e-01  -4.1615353e-01   1.1062648e+00
  -2.2792050e-01  -5.0620489e-01   8.3179138e-01   3.3610790e-01  -4.5755101e-01   8.0976204e-01   3.6742416e-01  -1.1293190e+00  -8.5951573e-01  -2.9683338e-01  -4.1616181e-01   1.1062659e+00
  -2.2792912e-01  -5.0618160e-01   8.3180313e-01   3.3610310e-01  -4.5754672e-01   8.0977512e-01   3.6740071e-01  -1.1293200e+00  -8.5951572e-01  -2.9683742e-01  -4.1615893e-01   1.1062652e+00
  -2.2793662e-01  -5.0615902e-01   8.3181488e-01   3.3609508e-01  -4.5753585e-01   8.0978997e-01   3.6738145e-01  -1.1293206e+00  -8.5951955e-01  -2.9683536e-01  -4.1615254e-01   1.1062601e+00
  -2.2793622e-01  -5.0615208e-01   8.3181918e-01   3.3609762e-01  -4.5754290e-01   8.0979054e-01   3.6737141e-01  -1.1293218e+00  -8.5951589e-01  -2.9684564e-01  -4.1615270e-01   1.1062627e+00
  -2.2796250e-01  -5.0613283e-01   8.3182370e-01   3.3608926e-01  -4.5754271e-01   8.0980314e-01   3.6734393e-01  -1.1293251e+00  -8.5950904e-01  -2.9684415e-01  -4.1616795e-01   1.1062620e+00
  -2.2795631e-01  -5.0611852e-01   8.3183411e-01   3.3608788e-01  -4.5753696e-01   8.0981051e-01   3.6733483e-01  -1.1293240e+00  -8.5951371e-01  -2.9684848e-01  -4.1615521e-01   1.1062603e+00
  -2.2796853e-01  -5.0610238e-01   8.3184056e-01   3.3608347e-01  -4.5753529e-01   8.0982008e-01   3.6731587e-01  -1.1293249e+00  -8.5951141e-01  -2.9684987e-01  -4.1615901e-01   1.1062593e+00
  -2.2797077e-01  -5.0608997e-01   8.3184749e-01   3.3608257e-01  -4.5753588e-01   8.0982566e-01   3.6730273e-01  -1.1293273e+00  -8.5951047e-01  -2.9685569e-01  -4.1615677e-01   1.1062590e+00
  -2.2797825e-01  -5.0607304e-01   8.3185577e-01   3.3607556e-01  -4.5752740e-01   8.0983721e-01   3.6728781e-01  -1.1293288e+00  -8.5951303e-01  -2.9685306e-01  -4.1615338e-01   1.1062545e+00
  -2.2798422e-01  -5.0605541e-01   8.3186482e-01   3.3607459e-01  -4.5752983e-01   8.0984507e-01   3.6726749e-01  -1.1293289e+00  -8.5951014e-01  -2.9686168e-01  -4.1615319e-01   1.1062556e+00
  -2.2798986e-01  -5.0603839e-01   8.3187364e-01   3.3607050e-01  -4.5752629e-01   8.0985467e-01   3.6725073e-01  -1.1293302e+00  -8.5951048e-01  -2.9686451e-01  -4.1615039e-01   1.1062544e+00
  -2.2800826e-01  -5.0600350e-01   8.3188987e-01   3.3606217e-01  -4.5751751e-01   8.0987594e-01   3.6721482e-01  -1.1293308e+00  -8.5951031e-01  -2.9686607e-01  -4.1614971e-01   1.1062508e+00
  -2.2801788e-01  -5.0598793e-01   8.3189667e-01   3.3605834e-01  -4.5751534e-01   8.0988502e-01   3.6719750e-01  -1.1293320e+00  -8.5950890e-01  -2.9686782e-01  -4.1615139e-01   1.1062494e+00
  -2.2802556e-01  -5.0597085e-01   8.3190496e-01   3.3605444e-01  -4.5751111e-01   8.0989517e-01   3.6718031e-01  -1.1293325e+00  -8.5950912e-01  -2.9686919e-01  -4.1614993e-01   1.1062477e+00
  -2.2802698e-01  -5.0595678e-01   8.3191310e-01   3.3605249e-01  -4.5750883e-01   8.0990237e-01   3.6716729e-01  -1.1293336e+00  -8.5950997e-01  -2.9687346e-01  -4.1614512e-01   1.1062460e+00
  -2.2804042e-01  -5.0593751e-01   8.3192117e-01   3.3604392e-01  -4.5750276e-01   8.0991507e-01   3.6714692e-01  -1.1293366e+00  -8.5950965e-01  -2.9687179e-01  -4.1614701e-01   1.1062433e+00
  -2.2804037e-01  -5.0592132e-01   8.3193103e-01   3.3604457e-01  -4.5749916e-01   8.0992341e-01   3.6713295e-01  -1.1293350e+00  -8.5951156e-01  -2.9687652e-01  -4.1613963e-01   1.1062428e+00
  -2.2805399e-01  -5.0589342e-01   8.3194425e-01   3.3603521e-01  -4.5749488e-01   8.0993928e-01   3.6710324e-01  -1.1293389e+00  -8.5951020e-01  -2.9688078e-01  -4.1613942e-01   1.1062400e+00
  -2.2806004e-01  -5.0588218e-01   8.3194943e-01   3.3603566e-01  -4.5749387e-01   8.0994555e-01   3.6709074e-01  -1.1293376e+00  -8.5950914e-01  -2.9688297e-01  -4.1614007e-01   1.1062397e+00
  -2.2807186e-01  -5.0586104e-01   8.3195905e-01   3.3602883e-01  -4.5748932e-01   8.0995821e-01   3.6706839e-01  -1.1293387e+00  -8.5950843e-01  -2.9688430e-01  -4.1614057e-01   1.1062380e+00
  -2.2809090e-01  -5.0582051e-01   8.3197847e-01   3.3601699e-01  -4.5748067e-01   8.0998199e-01   3.6702671e-01  -1.1293434e+00  -8.5950797e-01  -2.9688852e-01  -4.1613846e-01   1.1062334e+00
  -2.2809725e-01  -5.0580007e-01   8.3198912e-01   3.3601550e-01  -4.5747835e-01   8.0999280e-01   3.6700585e-01  -1.1293422e+00  -8.5950752e-01  -2.9689392e-01  -4.1613555e-01   1.1062335e+00
  -2.2810265e-01  -5.0578170e-01   8.3199885e-01   3.3601308e-01  -4.5747575e-01   8.1000263e-01   3.6698736e-01  -1.1293430e+00  -8.5950750e-01  -2.9689841e-01  -4.1613244e-01   1.1062312e+00
  -2.2811425e-01  -5.0575944e-01   8.3200920e-01   3.3600671e-01  -4.5747677e-01   8.1001384e-01   3.6696129e-01  -1.1293455e+00  -8.5950383e-01  -2.9690568e-01  -4.1613478e-01   1.1062306e+00
  -2.2812408e-01  -5.0574571e-01   8.3201482e-01   3.3600146e-01  -4.5746624e-01   8.1002501e-01   3.6694975e-01  -1.1293458e+00  -8.5950684e-01  -2.9689856e-01  -4.1613364e-01   1.1062280e+00
  -2.2811935e-01  -5.0572873e-01   8.3202648e-01   3.3600142e-01  -4.5746873e-01   8.1003097e-01   3.6693357e-01  -1.1293470e+00  -8.5950681e-01  -2.9691133e-01  -4.1612466e-01   1.1062288e+00
  -2.2812170e-01  -5.0570440e-01   8.3204060e-01   3.3599828e-01  -4.5746687e-01   8.1004269e-01   3.6690999e-01  -1.1293480e+00  -8.5950716e-01  -2.9692078e-01  -4.1611716e-01   1.1062267e+00
  -2.2815035e-01  -5.0567904e-01   8.3204817e-01   3.3598889e-01  -4.5745779e-01   8.1006134e-01   3.6688011e-01  -1.1293497e+00  -8.5950438e-01  -2.9691302e-01  -4.1612842e-01   1.1062230e+00
  -2.2815515e-01  -5.0565835e-01   8.3205942e-01   3.3598517e-01  -4.5745493e-01   8.1007222e-01   3.6685971e-01  -1.1293512e+00  -8.5950465e-01  -2.9691865e-01  -4.1612390e-01   1.1062218e+00
  -2.2816363e-01  -5.0563918e-01   8.3206874e-01   3.3598310e-01  -4.5745557e-01   8.1008171e-01   3.6683785e-01  -1.1293513e+00  -8.5950204e-01  -2.9692533e-01  -4.1612449e-01   1.1062223e+00
  -2.2817036e-01  -5.0561270e-01   8.3208297e-01   3.3597474e-01  -4.5744697e-01   8.1009734e-01   3.6681402e-01  -1.1293534e+00  -8.5950480e-01  -2.9692767e-01  -4.1611708e-01   1.1062177e+00
  -2.2819200e-01  -5.0556390e-01   8.3210667e-01   3.3596514e-01  -4.5743722e-01   8.1012553e-01   3.6676390e-01  -1.1293557e+00  -8.5950427e-01  -2.9693386e-01  -4.1611377e-01   1.1062141e+00
  -2.2819689e-01  -5.0554160e-01   8.3211890e-01   3.3596197e-01  -4.5743266e-01   8.1013771e-01   3.6674279e-01  -1.1293565e+00  -8.5950540e-01  -2.9693872e-01  -4.1610800e-01   1.1062119e+00
  -2.2819427e-01  -5.0552494e-01   8.3212971e-01   3.3595975e-01  -4.5743184e-01   8.1014494e-01   3.6672781e-01  -1.1293574e+00  -8.5950654e-01  -2.9694734e-01  -4.1609953e-01   1.1062125e+00
  -2.2820169e-01  -5.0549111e-01   8.3214827e-01   3.3595118e-01  -4.5741996e-01   8.1016508e-01   3.6669817e-01  -1.1293595e+00  -8.5951088e-01  -2.9694999e-01  -4.1608862e-01   1.1062074e+00
  -2.2821296e-01  -5.0547544e-01   8.3215470e-01   3.3594951e-01  -4.5742718e-01   8.1017119e-01   3.6667559e-01  -1.1293602e+00  -8.5950408e-01  -2.9695993e-01  -4.1609563e-01   1.1062089e+00
  -2.2823816e-01  -5.0544792e-01   8.3216447e-01   3.3593993e-01  -4.5741720e-01   8.1019058e-01   3.6664519e-01  -1.1293622e+00  -8.5950265e-01  -2.9695383e-01  -4.1610286e-01   1.1062053e+00
  -2.2824604e-01  -5.0542263e-01   8.3217765e-01   3.3593516e-01  -4.5741222e-01   8.1020464e-01   3.6662034e-01  -1.1293633e+00  -8.5950319e-01  -2.9695851e-01  -4.1609837e-01   1.1062030e+00
  -2.2823732e-01  -5.0540072e-01   8.3219336e-01   3.3593476e-01  -4.5741137e-01   8.1021329e-01   3.6660231e-01  -1.1293640e+00  -8.5950601e-01  -2.9697227e-01  -4.1608281e-01   1.1062035e+00
  -2.2826339e-01  -5.0537983e-01   8.3219891e-01   3.3592574e-01  -4.5740598e-01   8.1022833e-01   3.6657586e-01  -1.1293663e+00  -8.5950194e-01  -2.9696682e-01  -4.1609509e-01   1.1062001e+00
  -2.2827889e-01  -5.0535348e-01   8.3221067e-01   3.3591895e-01  -4.5740316e-01   8.1024324e-01   3.6654632e-01  -1.1293677e+00  -8.5949931e-01  -2.9697091e-01  -4.1609755e-01   1.1061988e+00
  -2.2828923e-01  -5.0530408e-01   8.3223785e-01   3.3591361e-01  -4.5739881e-01   8.1026811e-01   3.6649687e-01  -1.1293693e+00  -8.5949888e-01  -2.9698721e-01  -4.1608686e-01   1.1061971e+00
  -2.2829925e-01  -5.0527260e-01   8.3225419e-01   3.3590564e-01  -4.5739073e-01   8.1028629e-01   3.6646677e-01  -1.1293717e+00  -8.5950055e-01  -2.9699116e-01  -4.1608062e-01   1.1061931e+00
  -2.2830985e-01  -5.0524285e-01   8.3226938e-01   3.3589681e-01  -4.5738058e-01   8.1030447e-01   3.6643912e-01  -1.1293739e+00  -8.5950315e-01  -2.9699206e-01  -4.1607461e-01   1.1061887e+00
  -2.2831975e-01  -5.0522401e-01   8.3227807e-01   3.3589510e-01  -4.5738408e-01   8.1031307e-01   3.6641579e-01  -1.1293743e+00  -8.5949865e-01  -2.9700064e-01  -4.1607774e-01   1.1061898e+00
  -2.2832689e-01  -5.0518799e-01   8.3229798e-01   3.3588632e-01  -4.5737165e-01   8.1033431e-01   3.6638432e-01  -1.1293769e+00  -8.5950335e-01  -2.9700400e-01  -4.1606564e-01   1.1061848e+00
  -2.2833796e-01  -5.0517522e-01   8.3230268e-01   3.3588530e-01  -4.5737551e-01   8.1034030e-01   3.6636629e-01  -1.1293771e+00  -8.5949831e-01  -2.9700947e-01  -4.1607209e-01   1.1061861e+00
  -2.2834354e-01  -5.0515045e-01   8.3231623e-01   3.3588008e-01  -4.5737376e-01   8.1035264e-01   3.6634113e-01  -1.1293789e+00  -8.5949784e-01  -2.9701785e-01  -4.1606719e-01   1.1061844e+00
  -2.2835337e-01  -5.0511765e-01   8.3233344e-01   3.3587498e-01  -4.5737057e-01   8.1036970e-01   3.6630744e-01  -1.1293815e+00  -8.5949690e-01  -2.9702717e-01  -4.1606245e-01   1.1061834e+00
  -2.2836729e-01  -5.0508817e-01   8.3234745e-01   3.3586800e-01  -4.5736016e-01   8.1038838e-01   3.6627904e-01  -1.1293810e+00  -8.5949869e-01  -2.9702634e-01  -4.1605927e-01   1.1061798e+00
  -2.2837316e-01  -5.0506252e-01   8.3236141e-01   3.3586420e-01  -4.5736089e-01   8.1040030e-01   3.6625181e-01  -1.1293838e+00  -8.5949678e-01  -2.9703741e-01  -4.1605538e-01   1.1061794e+00
  -2.2838180e-01  -5.0502954e-01   8.3237908e-01   3.3585529e-01  -4.5734955e-01   8.1042002e-01   3.6622225e-01  -1.1293861e+00  -8.5950051e-01  -2.9703958e-01  -4.1604609e-01   1.1061745e+00
  -2.2840430e-01  -5.0499266e-01   8.3239526e-01   3.3584852e-01  -4.5735365e-01   8.1043828e-01   3.6617679e-01  -1.1293898e+00  -8.5949236e-01  -2.9705257e-01  -4.1605369e-01   1.1061749e+00
  -2.2841162e-01  -5.0495144e-01   8.3241825e-01   3.3583880e-01  -4.5733870e-01   8.1046266e-01   3.6614142e-01  -1.1293913e+00  -8.5949836e-01  -2.9705602e-01  -4.1603879e-01   1.1061693e+00
  -2.2842241e-01  -5.0492261e-01   8.3243278e-01   3.3583255e-01  -4.5733457e-01   8.1047843e-01   3.6611171e-01  -1.1293931e+00  -8.5949770e-01  -2.9706205e-01  -4.1603588e-01   1.1061669e+00
  -2.2843298e-01  -5.0490055e-01   8.3244327e-01   3.3582989e-01  -4.5733729e-01   8.1048880e-01   3.6608539e-01  -1.1293944e+00  -8.5949344e-01  -2.9707126e-01  -4.1603806e-01   1.1061676e+00
  -2.2844203e-01  -5.0486125e-01   8.3246462e-01   3.3582051e-01  -4.5732542e-01   8.1051157e-01   3.6604983e-01  -1.1293971e+00  -8.5949733e-01  -2.9707600e-01  -4.1602666e-01   1.1061629e+00
  -2.2845265e-01  -5.0483685e-01   8.3247649e-01   3.3581469e-01  -4.5732310e-01   8.1052470e-01   3.6602363e-01  -1.1293984e+00  -8.5949578e-01  -2.9708155e-01  -4.1602592e-01   1.1061607e+00
  -2.2845913e-01  -5.0481537e-01   8.3248776e-01   3.3581441e-01  -4.5732440e-01   8.1053468e-01   3.6599991e-01  -1.1293995e+00  -8.5949339e-01  -2.9709082e-01  -4.1602430e-01   1.1061616e+00
  -2.2847540e-01  -5.0478686e-01   8.3250055e-01   3.3580650e-01  -4.5732170e-01   8.1055063e-01   3.6596795e-01  -1.1294019e+00  -8.5949049e-01  -2.9709580e-01  -4.1602670e-01   1.1061604e+00
  -2.2848521e-01  -5.0476474e-01   8.3251133e-01   3.3580103e-01  -4.5732070e-01   8.1056220e-01   3.6594364e-01  -1.1294039e+00  -8.5948838e-01  -2.9710184e-01  -4.1602670e-01   1.1061584e+00
  -2.2849189e-01  -5.0472620e-01   8.3253284e-01   3.3579308e-01  -4.5730968e-01   8.1058396e-01   3.6590918e-01  -1.1294063e+00  -8.5949247e-01  -2.9710795e-01  -4.1601386e-01   1.1061531e+00
  -2.2853087e-01  -5.0467018e-01   8.3255607e-01   3.3577972e-01  -4.5730633e-01   8.1061562e-01   3.6584313e-01  -1.1294106e+00  -8.5948391e-01  -2.9711662e-01  -4.1602538e-01   1.1061520e+00
  -2.2852891e-01  -5.0464423e-01   8.3257237e-01   3.3577703e-01  -4.5730480e-01   8.1062730e-01   3.6581930e-01  -1.1294119e+00  -8.5948524e-01  -2.9712896e-01  -4.1601385e-01   1.1061512e+00
  -2.2853734e-01  -5.0460459e-01   8.3259409e-01   3.3576832e-01  -4.5729457e-01   8.1064953e-01   3.6578278e-01  -1.1294149e+00  -8.5948844e-01  -2.9713561e-01  -4.1600246e-01   1.1061470e+00
  -2.2854866e-01  -5.0458901e-01   8.3260041e-01   3.3576687e-01  -4.5729474e-01   8.1065801e-01   3.6576374e-01  -1.1294144e+00  -8.5948531e-01  -2.9713889e-01  -4.1600653e-01   1.1061465e+00
  -2.2856109e-01  -5.0455492e-01   8.3261769e-01   3.3575739e-01  -4.5728849e-01   8.1067702e-01   3.6572938e-01  -1.1294191e+00  -8.5948539e-01  -2.9714485e-01  -4.1600224e-01   1.1061430e+00
  -2.2858817e-01  -5.0453375e-01   8.3262305e-01   3.3575128e-01  -4.5729204e-01   8.1068924e-01   3.6569791e-01  -1.1294211e+00  -8.5947625e-01  -2.9714756e-01  -4.1601909e-01   1.1061430e+00
  -2.2860402e-01  -5.0450058e-01   8.3263881e-01   3.3574025e-01  -4.5728282e-01   8.1070938e-01   3.6566477e-01  -1.1294245e+00  -8.5947696e-01  -2.9714888e-01  -4.1601668e-01   1.1061392e+00
  -2.2859932e-01  -5.0448386e-01   8.3265021e-01   3.3574327e-01  -4.5728858e-01   8.1071403e-01   3.6564729e-01  -1.1294250e+00  -8.5947512e-01  -2.9716463e-01  -4.1600924e-01   1.1061412e+00
  -2.2861288e-01  -5.0444878e-01   8.3266776e-01   3.3573303e-01  -4.5727855e-01   8.1073494e-01   3.6561338e-01  -1.1294283e+00  -8.5947687e-01  -2.9716708e-01  -4.1600393e-01   1.1061364e+00
  -2.2862538e-01  -5.0442174e-01   8.3268068e-01   3.3572721e-01  -4.5727983e-01   8.1074825e-01   3.6558224e-01  -1.1294307e+00  -8.5947286e-01  -2.9717660e-01  -4.1600538e-01   1.1061351e+00
  -2.2866905e-01  -5.0436427e-01   8.3270352e-01   3.3570918e-01  -4.5726666e-01   8.1078471e-01   3.6551797e-01  -1.1294352e+00  -8.5946824e-01  -2.9717479e-01  -4.1601618e-01   1.1061298e+00
  -2.2866397e-01  -5.0434309e-01   8.3271776e-01   3.3570897e-01  -4.5727002e-01   8.1079206e-01   3.6549743e-01  -1.1294379e+00  -8.5946782e-01  -2.9719067e-01  -4.1600577e-01   1.1061303e+00
  -2.2869235e-01  -5.0432052e-01   8.3272363e-01   3.3570193e-01  -4.5727716e-01   8.1080380e-01   3.6546243e-01  -1.1294417e+00  -8.5945647e-01  -2.9719691e-01  -4.1602471e-01   1.1061318e+00
  -2.2869569e-01  -5.0429181e-01   8.3274007e-01   3.3569478e-01  -4.5726701e-01   8.1082039e-01   3.6543829e-01  -1.1294431e+00  -8.5946100e-01  -2.9720030e-01  -4.1601299e-01   1.1061281e+00
  -2.2870436e-01  -5.0427067e-01   8.3275054e-01   3.3569128e-01  -4.5726921e-01   8.1083027e-01   3.6541369e-01  -1.1294466e+00  -8.5945747e-01  -2.9720937e-01  -4.1601373e-01   1.1061273e+00
  -2.2871605e-01  -5.0424382e-01   8.3276357e-01   3.3568423e-01  -4.5726569e-01   8.1084500e-01   3.6538532e-01  -1.1294484e+00  -8.5945626e-01  -2.9721461e-01  -4.1601251e-01   1.1061246e+00
  -2.2873100e-01  -5.0422552e-01   8.3277054e-01   3.3568118e-01  -4.5727282e-01   8.1085289e-01   3.6535902e-01  -1.1294506e+00  -8.5944849e-01  -2.9722430e-01  -4.1602171e-01   1.1061269e+00
  -2.2874856e-01  -5.0419985e-01   8.3278124e-01   3.3567483e-01  -4.5726553e-01   8.1086931e-01   3.6533166e-01  -1.1294519e+00  -8.5944773e-01  -2.9722296e-01  -4.1602427e-01   1.1061244e+00
  -2.2875829e-01  -5.0417237e-01   8.3279519e-01   3.3566889e-01  -4.5726336e-01   8.1088357e-01   3.6530268e-01  -1.1294547e+00  -8.5944623e-01  -2.9723061e-01  -4.1602174e-01   1.1061233e+00
  -2.2877429e-01  -5.0414737e-01   8.3280594e-01   3.3565914e-01  -4.5725998e-01   8.1089815e-01   3.6527455e-01  -1.1294583e+00  -8.5944376e-01  -2.9723330e-01  -4.1602493e-01   1.1061198e+00
  -2.2878461e-01  -5.0412527e-01   8.3281648e-01   3.3565494e-01  -4.5725865e-01   8.1090988e-01   3.6525024e-01  -1.1294607e+00  -8.5944178e-01  -2.9723882e-01  -4.1602516e-01   1.1061179e+00
  -2.2881628e-01  -5.0408319e-01   8.3283326e-01   3.3564543e-01  -4.5726867e-01   8.1092966e-01   3.6519376e-01  -1.1294668e+00  -8.5942803e-01  -2.9725618e-01  -4.1604121e-01   1.1061201e+00
  -2.2883389e-01  -5.0405397e-01   8.3284612e-01   3.3563542e-01  -4.5725452e-01   8.1095002e-01   3.6516617e-01  -1.1294689e+00  -8.5943082e-01  -2.9725014e-01  -4.1603969e-01   1.1061149e+00
  -2.2884481e-01  -5.0404126e-01   8.3285081e-01   3.3563486e-01  -4.5726283e-01   8.1095437e-01   3.6514616e-01  -1.1294703e+00  -8.5942350e-01  -2.9725980e-01  -4.1604792e-01   1.1061161e+00
  -2.2886169e-01  -5.0401138e-01   8.3286423e-01   3.3562420e-01  -4.5726162e-01   8.1097047e-01   3.6511190e-01  -1.1294761e+00  -8.5941968e-01  -2.9726661e-01  -4.1605098e-01   1.1061141e+00
  -2.2887193e-01  -5.0398929e-01   8.3287483e-01   3.3562056e-01  -4.5725868e-01   8.1098271e-01   3.6508840e-01  -1.1294782e+00  -8.5941847e-01  -2.9727063e-01  -4.1605052e-01   1.1061125e+00
  -2.2889026e-01  -5.0397221e-01   8.3288013e-01   3.3561674e-01  -4.5726470e-01   8.1099088e-01   3.6506270e-01  -1.1294805e+00  -8.5941043e-01  -2.9727726e-01  -4.1606245e-01   1.1061147e+00
  -2.2889973e-01  -5.0395106e-01   8.3289028e-01   3.3561149e-01  -4.5726596e-01   8.1100119e-01   3.6503827e-01  -1.1294838e+00  -8.5940723e-01  -2.9728510e-01  -4.1606348e-01   1.1061129e+00
  -2.2891603e-01  -5.0392790e-01   8.3289983e-01   3.3560625e-01  -4.5726446e-01   8.1101428e-01   3.6501102e-01  -1.1294864e+00  -8.5940367e-01  -2.9728852e-01  -4.1606832e-01   1.1061123e+00
  -2.2893418e-01  -5.0390252e-01   8.3291021e-01   3.3559822e-01  -4.5726705e-01   8.1102728e-01   3.6497887e-01  -1.1294896e+00  -8.5939743e-01  -2.9729614e-01  -4.1607574e-01   1.1061117e+00
