  -2.4716648e-01  -7.2552155e-01   6.4233572e-01   5.3328892e-01  -8.4412665e-01   4.8673653e-01   2.2495719e-01  -1.0615433e+00  -4.7584338e-01  -4.8659426e-01  -7.3271217e-01   1.1545080e+00
  -2.4715463e-01  -7.2552388e-01   6.4233771e-01   5.3329253e-01  -8.4413616e-01   4.8672178e-01   2.2495351e-01  -1.0615454e+00  -4.7583271e-01  -4.8660563e-01  -7.3271158e-01   1.1545133e+00
  -2.4716955e-01  -7.2552301e-01   6.4233289e-01   5.3329162e-01  -8.4414325e-01   4.8672016e-01   2.2493038e-01  -1.0615540e+00  -4.7581236e-01  -4.8660848e-01  -7.3272286e-01   1.1545134e+00
  -2.4716977e-01  -7.2551776e-01   6.4233876e-01   5.3329348e-01  -8.4414602e-01   4.8671922e-01   2.2492192e-01  -1.0615582e+00  -4.7580728e-01  -4.8661726e-01  -7.3272033e-01   1.1545152e+00
  -2.4717203e-01  -7.2551305e-01   6.4234324e-01   5.3329543e-01  -8.4415464e-01   4.8671287e-01   2.2490327e-01  -1.0615653e+00  -4.7579084e-01  -4.8663067e-01  -7.3272210e-01   1.1545195e+00
  -2.4717831e-01  -7.2551190e-01   6.4234208e-01   5.3329593e-01  -8.4416057e-01   4.8670944e-01   2.2488849e-01  -1.0615702e+00  -4.7577705e-01  -4.8663574e-01  -7.3272769e-01   1.1545209e+00
  -2.4716554e-01  -7.2551063e-01   6.4234844e-01   5.3330035e-01  -8.4417369e-01   4.8669193e-01   2.2487727e-01  -1.0615749e+00  -4.7576049e-01  -4.8665516e-01  -7.3272556e-01   1.1545288e+00
  -2.4718090e-01  -7.2551232e-01   6.4234066e-01   5.3329852e-01  -8.4417735e-01   4.8669306e-01   2.2486092e-01  -1.0615813e+00  -4.7574594e-01  -4.8665158e-01  -7.3273737e-01   1.1545269e+00
  -2.4716937e-01  -7.2550047e-01   6.4235844e-01   5.3330400e-01  -8.4418623e-01   4.8668399e-01   2.2484718e-01  -1.0615858e+00  -4.7573613e-01  -4.8667826e-01  -7.3272603e-01   1.1545357e+00
  -2.4717179e-01  -7.2550385e-01   6.4235368e-01   5.3330391e-01  -8.4419318e-01   4.8667662e-01   2.2483718e-01  -1.0615910e+00  -4.7572252e-01  -4.8668068e-01  -7.3273322e-01   1.1545372e+00
  -2.4717496e-01  -7.2550016e-01   6.4235661e-01   5.3330712e-01  -8.4420936e-01   4.8666246e-01   2.2480709e-01  -1.0616025e+00  -4.7569227e-01  -4.8670023e-01  -7.3273989e-01   1.1545440e+00
  -2.4718982e-01  -7.2549769e-01   6.4235374e-01   5.3330558e-01  -8.4421439e-01   4.8666351e-01   2.2478591e-01  -1.0616103e+00  -4.7567562e-01  -4.8670292e-01  -7.3274893e-01   1.1545431e+00
  -2.4719382e-01  -7.2549512e-01   6.4235510e-01   5.3330664e-01  -8.4421961e-01   4.8666049e-01   2.2477279e-01  -1.0616154e+00  -4.7566422e-01  -4.8670983e-01  -7.3275172e-01   1.1545456e+00
  -2.4719641e-01  -7.2548942e-01   6.4236056e-01   5.3330836e-01  -8.4422657e-01   4.8665632e-01   2.2475572e-01  -1.0616218e+00  -4.7565055e-01  -4.8672247e-01  -7.3275221e-01   1.1545495e+00
  -2.4719541e-01  -7.2549086e-01   6.4235929e-01   5.3330941e-01  -8.4423478e-01   4.8664706e-01   2.2474499e-01  -1.0616268e+00  -4.7563649e-01  -4.8672958e-01  -7.3275661e-01   1.1545520e+00
  -2.4719648e-01  -7.2548803e-01   6.4236209e-01   5.3331164e-01  -8.4424361e-01   4.8663938e-01   2.2472843e-01  -1.0616333e+00  -4.7562027e-01  -4.8674151e-01  -7.3275923e-01   1.1545566e+00
  -2.4719976e-01  -7.2548106e-01   6.4236867e-01   5.3331329e-01  -8.4424969e-01   4.8663676e-01   2.2471118e-01  -1.0616395e+00  -4.7560770e-01  -4.8675448e-01  -7.3275874e-01   1.1545602e+00
  -2.4720422e-01  -7.2547824e-01   6.4237011e-01   5.3331455e-01  -8.4425565e-01   4.8663324e-01   2.2469643e-01  -1.0616443e+00  -4.7559485e-01  -4.8676216e-01  -7.3276199e-01   1.1545624e+00
  -2.4720540e-01  -7.2547846e-01   6.4236944e-01   5.3331617e-01  -8.4426654e-01   4.8662247e-01   2.2467892e-01  -1.0616506e+00  -4.7557497e-01  -4.8677266e-01  -7.3276792e-01   1.1545665e+00
  -2.4720711e-01  -7.2547642e-01   6.4237111e-01   5.3331802e-01  -8.4427643e-01   4.8661366e-01   2.2466077e-01  -1.0616577e+00  -4.7555645e-01  -4.8678451e-01  -7.3277208e-01   1.1545706e+00
  -2.4720945e-01  -7.2547027e-01   6.4237710e-01   5.3331889e-01  -8.4427944e-01   4.8661359e-01   2.2464968e-01  -1.0616625e+00  -4.7554992e-01  -4.8679371e-01  -7.3277019e-01   1.1545730e+00
  -2.4720907e-01  -7.2546726e-01   6.4238071e-01   5.3332096e-01  -8.4428964e-01   4.8660403e-01   2.2463199e-01  -1.0616693e+00  -4.7553201e-01  -4.8680775e-01  -7.3277252e-01   1.1545774e+00
  -2.4721079e-01  -7.2546321e-01   6.4238460e-01   5.3332254e-01  -8.4429643e-01   4.8659911e-01   2.2461707e-01  -1.0616750e+00  -4.7551899e-01  -4.8681875e-01  -7.3277363e-01   1.1545808e+00
  -2.4721442e-01  -7.2546034e-01   6.4238643e-01   5.3332380e-01  -8.4430223e-01   4.8659548e-01   2.2460313e-01  -1.0616804e+00  -4.7550687e-01  -4.8682662e-01  -7.3277631e-01   1.1545837e+00
  -2.4721538e-01  -7.2545668e-01   6.4239018e-01   5.3332593e-01  -8.4431167e-01   4.8658743e-01   2.2458510e-01  -1.0616872e+00  -4.7548961e-01  -4.8684007e-01  -7.3277852e-01   1.1545882e+00
  -2.4721931e-01  -7.2545164e-01   6.4239437e-01   5.3332919e-01  -8.4432761e-01   4.8657428e-01   2.2455366e-01  -1.0616992e+00  -4.7545920e-01  -4.8686079e-01  -7.3278449e-01   1.1545953e+00
  -2.4722028e-01  -7.2545237e-01   6.4239316e-01   5.3333044e-01  -8.4433702e-01   4.8656470e-01   2.2453895e-01  -1.0617054e+00  -4.7544196e-01  -4.8686919e-01  -7.3279007e-01   1.1545984e+00
  -2.4723683e-01  -7.2544822e-01   6.4239149e-01   5.3332724e-01  -8.4434109e-01   4.8656795e-01   2.2451674e-01  -1.0617170e+00  -4.7542622e-01  -4.8687219e-01  -7.3279830e-01   1.1545971e+00
  -2.4722574e-01  -7.2544353e-01   6.4240107e-01   5.3333368e-01  -8.4435184e-01   4.8655462e-01   2.2450521e-01  -1.0617174e+00  -4.7541290e-01  -4.8689248e-01  -7.3279348e-01   1.1546056e+00
  -2.4722493e-01  -7.2543953e-01   6.4240588e-01   5.3333654e-01  -8.4436218e-01   4.8654515e-01   2.2448687e-01  -1.0617245e+00  -4.7539495e-01  -4.8690794e-01  -7.3279484e-01   1.1546108e+00
  -2.4722379e-01  -7.2544226e-01   6.4240322e-01   5.3333849e-01  -8.4437046e-01   4.8653528e-01   2.2447708e-01  -1.0617288e+00  -4.7538084e-01  -4.8691366e-01  -7.3280019e-01   1.1546124e+00
  -2.4723013e-01  -7.2543275e-01   6.4241154e-01   5.3333962e-01  -8.4437793e-01   4.8653318e-01   2.2445342e-01  -1.0617369e+00  -4.7536428e-01  -4.8692990e-01  -7.3280016e-01   1.1546181e+00
  -2.4723063e-01  -7.2543560e-01   6.4240811e-01   5.3334096e-01  -8.4438930e-01   4.8652077e-01   2.2443766e-01  -1.0617439e+00  -4.7534377e-01  -4.8693814e-01  -7.3280798e-01   1.1546216e+00
  -2.4723434e-01  -7.2543000e-01   6.4241300e-01   5.3334195e-01  -8.4439482e-01   4.8651841e-01   2.2442208e-01  -1.0617492e+00  -4.7533210e-01  -4.8694880e-01  -7.3280848e-01   1.1546239e+00
  -2.4723953e-01  -7.2542547e-01   6.4241614e-01   5.3334327e-01  -8.4439995e-01   4.8651659e-01   2.2440667e-01  -1.0617551e+00  -4.7532025e-01  -4.8695741e-01  -7.3281043e-01   1.1546269e+00
  -2.4724044e-01  -7.2542120e-01   6.4242061e-01   5.3334532e-01  -8.4440940e-01   4.8650871e-01   2.2438809e-01  -1.0617624e+00  -4.7530296e-01  -4.8697167e-01  -7.3281218e-01   1.1546316e+00
  -2.4723181e-01  -7.2542311e-01   6.4242178e-01   5.3334982e-01  -8.4442221e-01   4.8649181e-01   2.2437655e-01  -1.0617675e+00  -4.7528475e-01  -4.8698561e-01  -7.3281474e-01   1.1546363e+00
  -2.4724015e-01  -7.2542029e-01   6.4242175e-01   5.3334943e-01  -8.4442983e-01   4.8648799e-01   2.2435622e-01  -1.0617749e+00  -4.7526687e-01  -4.8699369e-01  -7.3282095e-01   1.1546400e+00
  -2.4724602e-01  -7.2541340e-01   6.4242728e-01   5.3335035e-01  -8.4443528e-01   4.8648693e-01   2.2433798e-01  -1.0617818e+00  -4.7525411e-01  -4.8700502e-01  -7.3282167e-01   1.1546428e+00
  -2.4723712e-01  -7.2540347e-01   6.4244187e-01   5.3335689e-01  -8.4445385e-01   4.8646814e-01   2.2430880e-01  -1.0617924e+00  -4.7522570e-01  -4.8703850e-01  -7.3281784e-01   1.1546547e+00
  -2.4723663e-01  -7.2540673e-01   6.4243837e-01   5.3335857e-01  -8.4446535e-01   4.8645504e-01   2.2429390e-01  -1.0617987e+00  -4.7520550e-01  -4.8704673e-01  -7.3282548e-01   1.1546584e+00
  -2.4724889e-01  -7.2540579e-01   6.4243473e-01   5.3335809e-01  -8.4447268e-01   4.8645225e-01   2.2427235e-01  -1.0618072e+00  -4.7518615e-01  -4.8705090e-01  -7.3283525e-01   1.1546591e+00
  -2.4725160e-01  -7.2540370e-01   6.4243608e-01   5.3336109e-01  -8.4448456e-01   4.8644178e-01   2.2425030e-01  -1.0618124e+00  -4.7516356e-01  -4.8706457e-01  -7.3284079e-01   1.1546656e+00
  -2.4725123e-01  -7.2539666e-01   6.4244417e-01   5.3336461e-01  -8.4449171e-01   4.8643679e-01   2.2423431e-01  -1.0618179e+00  -4.7515111e-01  -4.8708000e-01  -7.3283865e-01   1.1546695e+00
  -2.4725365e-01  -7.2539354e-01   6.4244677e-01   5.3336385e-01  -8.4449801e-01   4.8643229e-01   2.2422030e-01  -1.0618270e+00  -4.7513865e-01  -4.8708916e-01  -7.3284063e-01   1.1546716e+00
  -2.4724420e-01  -7.2538448e-01   6.4246060e-01   5.3336812e-01  -8.4450663e-01   4.8642321e-01   2.2420748e-01  -1.0618316e+00  -4.7512820e-01  -4.8711166e-01  -7.3283246e-01   1.1546792e+00
  -2.4726046e-01  -7.2538581e-01   6.4245285e-01   5.3336609e-01  -8.4451100e-01   4.8642412e-01   2.2418918e-01  -1.0618398e+00  -4.7511203e-01  -4.8710884e-01  -7.3284480e-01   1.1546775e+00
  -2.4726037e-01  -7.2537986e-01   6.4245960e-01   5.3336932e-01  -8.4452221e-01   4.8641465e-01   2.2416746e-01  -1.0618469e+00  -4.7509217e-01  -4.8712712e-01  -7.3284553e-01   1.1546836e+00
  -2.4724774e-01  -7.2537887e-01   6.4246560e-01   5.3337386e-01  -8.4453529e-01   4.8639702e-01   2.2415634e-01  -1.0618513e+00  -4.7507547e-01  -4.8714616e-01  -7.3284369e-01   1.1546915e+00
  -2.4725839e-01  -7.2536907e-01   6.4247257e-01   5.3337555e-01  -8.4454010e-01   4.8639934e-01   2.2413319e-01  -1.0618601e+00  -4.7506136e-01  -4.8715852e-01  -7.3284465e-01   1.1546932e+00
  -2.4726239e-01  -7.2536764e-01   6.4247263e-01   5.3337572e-01  -8.4455110e-01   4.8639002e-01   2.2411205e-01  -1.0618682e+00  -4.7503976e-01  -4.8716992e-01  -7.3285106e-01   1.1546981e+00
  -2.4725555e-01  -7.2536873e-01   6.4247402e-01   5.3338049e-01  -8.4456577e-01   4.8637211e-01   2.2409552e-01  -1.0618745e+00  -4.7501719e-01  -4.8718613e-01  -7.3285489e-01   1.1547033e+00
  -2.4726410e-01  -7.2536547e-01   6.4247442e-01   5.3337993e-01  -8.4457134e-01   4.8637063e-01   2.2407784e-01  -1.0618820e+00  -4.7500286e-01  -4.8719254e-01  -7.3285997e-01   1.1547059e+00
  -2.4726995e-01  -7.2535539e-01   6.4248359e-01   5.3338345e-01  -8.4458721e-01   4.8635991e-01   2.2404122e-01  -1.0618954e+00  -4.7497160e-01  -4.8721820e-01  -7.3286316e-01   1.1547141e+00
  -2.4727168e-01  -7.2535004e-01   6.4248897e-01   5.3338594e-01  -8.4459861e-01   4.8635071e-01   2.2401814e-01  -1.0619037e+00  -4.7495037e-01  -4.8723539e-01  -7.3286549e-01   1.1547196e+00
  -2.4726131e-01  -7.2533942e-01   6.4250495e-01   5.3338812e-01  -8.4460492e-01   4.8634423e-01   2.2400846e-01  -1.0619102e+00  -4.7494461e-01  -4.8725761e-01  -7.3285443e-01   1.1547264e+00
  -2.4727992e-01  -7.2533733e-01   6.4250011e-01   5.3338598e-01  -8.4461307e-01   4.8634324e-01   2.2397987e-01  -1.0619203e+00  -4.7492040e-01  -4.8726170e-01  -7.3286744e-01   1.1547274e+00
  -2.4727254e-01  -7.2533533e-01   6.4250523e-01   5.3338993e-01  -8.4462394e-01   4.8633021e-01   2.2396726e-01  -1.0619263e+00  -4.7490492e-01  -4.8727778e-01  -7.3286673e-01   1.1547320e+00
  -2.4728057e-01  -7.2533238e-01   6.4250548e-01   5.3338939e-01  -8.4463111e-01   4.8632673e-01   2.2394773e-01  -1.0619334e+00  -4.7488797e-01  -4.8728563e-01  -7.3287251e-01   1.1547350e+00
  -2.4728144e-01  -7.2532790e-01   6.4251017e-01   5.3339326e-01  -8.4464068e-01   4.8631877e-01   2.2392895e-01  -1.0619403e+00  -4.7487057e-01  -4.8730015e-01  -7.3287415e-01   1.1547397e+00
  -2.4728106e-01  -7.2532985e-01   6.4250810e-01   5.3339458e-01  -8.4465105e-01   4.8630730e-01   2.2391472e-01  -1.0619462e+00  -4.7485226e-01  -4.8730870e-01  -7.3288032e-01   1.1547428e+00
  -2.4728448e-01  -7.2532416e-01   6.4251326e-01   5.3339611e-01  -8.4466161e-01   4.8629968e-01   2.2389142e-01  -1.0619553e+00  -4.7483172e-01  -4.8732483e-01  -7.3288290e-01   1.1547493e+00
  -2.4729147e-01  -7.2531296e-01   6.4252321e-01   5.3339467e-01  -8.4466365e-01   4.8630401e-01   2.2387441e-01  -1.0619636e+00  -4.7482447e-01  -4.8733721e-01  -7.3287938e-01   1.1547503e+00
  -2.4728247e-01  -7.2531811e-01   6.4252084e-01   5.3340406e-01  -8.4468232e-01   4.8627979e-01   2.2385648e-01  -1.0619664e+00  -4.7479594e-01  -4.8735362e-01  -7.3288694e-01   1.1547595e+00
  -2.4729449e-01  -7.2531053e-01   6.4252479e-01   5.3340113e-01  -8.4468602e-01   4.8628300e-01   2.2383568e-01  -1.0619757e+00  -4.7478307e-01  -4.8736183e-01  -7.3288981e-01   1.1547607e+00
  -2.4729145e-01  -7.2530940e-01   6.4252719e-01   5.3340627e-01  -8.4470773e-01   4.8626002e-01   2.2380370e-01  -1.0619888e+00  -4.7474608e-01  -4.8738637e-01  -7.3289748e-01   1.1547685e+00
  -2.4729693e-01  -7.2530101e-01   6.4253459e-01   5.3340762e-01  -8.4471599e-01   4.8625639e-01   2.2378032e-01  -1.0619978e+00  -4.7472853e-01  -4.8740247e-01  -7.3289812e-01   1.1547747e+00
  -2.4729993e-01  -7.2530178e-01   6.4253256e-01   5.3340820e-01  -8.4472351e-01   4.8624943e-01   2.2376693e-01  -1.0620029e+00  -4.7471349e-01  -4.8740822e-01  -7.3290402e-01   1.1547767e+00
  -2.4730292e-01  -7.2529227e-01   6.4254212e-01   5.3341040e-01  -8.4473173e-01   4.8624539e-01   2.2374471e-01  -1.0620108e+00  -4.7469734e-01  -4.8742641e-01  -7.3290237e-01   1.1547823e+00
  -2.4731907e-01  -7.2529209e-01   6.4253611e-01   5.3340965e-01  -8.4473982e-01   4.8624292e-01   2.2371954e-01  -1.0620198e+00  -4.7467448e-01  -4.8742916e-01  -7.3291538e-01   1.1547824e+00
  -2.4731814e-01  -7.2528935e-01   6.4253956e-01   5.3341116e-01  -8.4474940e-01   4.8623372e-01   2.2370344e-01  -1.0620270e+00  -4.7465798e-01  -4.8744242e-01  -7.3291721e-01   1.1547862e+00
  -2.4731023e-01  -7.2528642e-01   6.4254591e-01   5.3341581e-01  -8.4475979e-01   4.8622126e-01   2.2369130e-01  -1.0620318e+00  -4.7464361e-01  -4.8745923e-01  -7.3291536e-01   1.1547939e+00
  -2.4731226e-01  -7.2527979e-01   6.4255265e-01   5.3341791e-01  -8.4476894e-01   4.8621487e-01   2.2367049e-01  -1.0620391e+00  -4.7462618e-01  -4.8747552e-01  -7.3291582e-01   1.1547987e+00
  -2.4731277e-01  -7.2527503e-01   6.4255778e-01   5.3342008e-01  -8.4477877e-01   4.8620665e-01   2.2365140e-01  -1.0620467e+00  -4.7460849e-01  -4.8749074e-01  -7.3291718e-01   1.1548036e+00
  -2.4731474e-01  -7.2527167e-01   6.4256080e-01   5.3342197e-01  -8.4478797e-01   4.8619906e-01   2.2363318e-01  -1.0620537e+00  -4.7459115e-01  -4.8750327e-01  -7.3292005e-01   1.1548078e+00
  -2.4731245e-01  -7.2527443e-01   6.4255861e-01   5.3342609e-01  -8.4480087e-01   4.8618399e-01   2.2361703e-01  -1.0620571e+00  -4.7456926e-01  -4.8751423e-01  -7.3292693e-01   1.1548130e+00
  -2.4732985e-01  -7.2526853e-01   6.4255852e-01   5.3342343e-01  -8.4480527e-01   4.8618777e-01   2.2359226e-01  -1.0620701e+00  -4.7455239e-01  -4.8751924e-01  -7.3293453e-01   1.1548127e+00
  -2.4732244e-01  -7.2526312e-01   6.4256751e-01   5.3342720e-01  -8.4481468e-01   4.8617737e-01   2.2357947e-01  -1.0620740e+00  -4.7453959e-01  -4.8753768e-01  -7.3293055e-01   1.1548194e+00
  -2.4734160e-01  -7.2525940e-01   6.4256435e-01   5.3342771e-01  -8.4483060e-01   4.8616910e-01   2.2353713e-01  -1.0620900e+00  -4.7450121e-01  -4.8755140e-01  -7.3294627e-01   1.1548229e+00
  -2.4732741e-01  -7.2525248e-01   6.4257762e-01   5.3343330e-01  -8.4484333e-01   4.8615338e-01   2.2352326e-01  -1.0620956e+00  -4.7448600e-01  -4.8757739e-01  -7.3293881e-01   1.1548326e+00
  -2.4734372e-01  -7.2525181e-01   6.4257206e-01   5.3343190e-01  -8.4485071e-01   4.8615188e-01   2.2349864e-01  -1.0621053e+00  -4.7446426e-01  -4.8757990e-01  -7.3295122e-01   1.1548328e+00
  -2.4734712e-01  -7.2524756e-01   6.4257557e-01   5.3343343e-01  -8.4485960e-01   4.8614540e-01   2.2347905e-01  -1.0621126e+00  -4.7444667e-01  -4.8759268e-01  -7.3295411e-01   1.1548366e+00
  -2.4733283e-01  -7.2523594e-01   6.4259416e-01   5.3343862e-01  -8.4487055e-01   4.8613310e-01   2.2346447e-01  -1.0621206e+00  -4.7443465e-01  -4.8762221e-01  -7.3294224e-01   1.1548453e+00
  -2.4734138e-01  -7.2523840e-01   6.4258814e-01   5.3343951e-01  -8.4488017e-01   4.8612543e-01   2.2344482e-01  -1.0621254e+00  -4.7441306e-01  -4.8762627e-01  -7.3295350e-01   1.1548484e+00
  -2.4734241e-01  -7.2523468e-01   6.4259192e-01   5.3344172e-01  -8.4489148e-01   4.8611544e-01   2.2342378e-01  -1.0621328e+00  -4.7439237e-01  -4.8764167e-01  -7.3295666e-01   1.1548531e+00
  -2.4734271e-01  -7.2522996e-01   6.4259718e-01   5.3344457e-01  -8.4490178e-01   4.8610661e-01   2.2340397e-01  -1.0621411e+00  -4.7437382e-01  -4.8765760e-01  -7.3295808e-01   1.1548590e+00
  -2.4734821e-01  -7.2522266e-01   6.4260327e-01   5.3344362e-01  -8.4490599e-01   4.8610677e-01   2.2338767e-01  -1.0621499e+00  -4.7436347e-01  -4.8766824e-01  -7.3295772e-01   1.1548608e+00
  -2.4734646e-01  -7.2522314e-01   6.4260338e-01   5.3344840e-01  -8.4492035e-01   4.8609122e-01   2.2336727e-01  -1.0621552e+00  -4.7433884e-01  -4.8768301e-01  -7.3296381e-01   1.1548675e+00
  -2.4734232e-01  -7.2521772e-01   6.4261112e-01   5.3345357e-01  -8.4493452e-01   4.8607703e-01   2.2334448e-01  -1.0621635e+00  -4.7431577e-01  -4.8770519e-01  -7.3296394e-01   1.1548745e+00
  -2.4735101e-01  -7.2521585e-01   6.4260987e-01   5.3345726e-01  -8.4495557e-01   4.8605919e-01   2.2330376e-01  -1.0621763e+00  -4.7427372e-01  -4.8772581e-01  -7.3297748e-01   1.1548833e+00
  -2.4735610e-01  -7.2520979e-01   6.4261475e-01   5.3345658e-01  -8.4495935e-01   4.8605921e-01   2.2328938e-01  -1.0621841e+00  -4.7426437e-01  -4.8773476e-01  -7.3297757e-01   1.1548846e+00
  -2.4735364e-01  -7.2520809e-01   6.4261763e-01   5.3345949e-01  -8.4496936e-01   4.8604865e-01   2.2327453e-01  -1.0621910e+00  -4.7424781e-01  -4.8774784e-01  -7.3297960e-01   1.1548884e+00
  -2.4735712e-01  -7.2520263e-01   6.4262242e-01   5.3346128e-01  -8.4497849e-01   4.8604240e-01   2.2325362e-01  -1.0621992e+00  -4.7422976e-01  -4.8776217e-01  -7.3298172e-01   1.1548934e+00
  -2.4735589e-01  -7.2520777e-01   6.4261712e-01   5.3346622e-01  -8.4499538e-01   4.8602281e-01   2.2323235e-01  -1.0622044e+00  -4.7420029e-01  -4.8777410e-01  -7.3299287e-01   1.1548996e+00
  -2.4736305e-01  -7.2519454e-01   6.4262928e-01   5.3346556e-01  -8.4499998e-01   4.8602517e-01   2.2320965e-01  -1.0622154e+00  -4.7418835e-01  -4.8779130e-01  -7.3298914e-01   1.1549029e+00
  -2.4736607e-01  -7.2519403e-01   6.4262870e-01   5.3346706e-01  -8.4500892e-01   4.8601729e-01   2.2319307e-01  -1.0622216e+00  -4.7417081e-01  -4.8780004e-01  -7.3299467e-01   1.1549061e+00
  -2.4736650e-01  -7.2518933e-01   6.4263382e-01   5.3346877e-01  -8.4501829e-01   4.8600941e-01   2.2317471e-01  -1.0622296e+00  -4.7415388e-01  -4.8781479e-01  -7.3299583e-01   1.1549105e+00
  -2.4736612e-01  -7.2519042e-01   6.4263274e-01   5.3347413e-01  -8.4503212e-01   4.8599465e-01   2.2315442e-01  -1.0622348e+00  -4.7412941e-01  -4.8782790e-01  -7.3300288e-01   1.1549168e+00
  -2.4737666e-01  -7.2518346e-01   6.4263654e-01   5.3347440e-01  -8.4504966e-01   4.8598280e-01   2.2311387e-01  -1.0622529e+00  -4.7409268e-01  -4.8785001e-01  -7.3301190e-01   1.1549228e+00
  -2.4738033e-01  -7.2517507e-01   6.4264463e-01   5.3347616e-01  -8.4505683e-01   4.8597964e-01   2.2309359e-01  -1.0622609e+00  -4.7407803e-01  -4.8786566e-01  -7.3301101e-01   1.1549275e+00
  -2.4738216e-01  -7.2517106e-01   6.4264840e-01   5.3347843e-01  -8.4506748e-01   4.8597074e-01   2.2307275e-01  -1.0622689e+00  -4.7405807e-01  -4.8788048e-01  -7.3301405e-01   1.1549324e+00
  -2.4738196e-01  -7.2516807e-01   6.4265186e-01   5.3348056e-01  -8.4507911e-01   4.8595971e-01   2.2305257e-01  -1.0622766e+00  -4.7403744e-01  -4.8789587e-01  -7.3301712e-01   1.1549371e+00
  -2.4738747e-01  -7.2516399e-01   6.4265438e-01   5.3348233e-01  -8.4508749e-01   4.8595453e-01   2.2303219e-01  -1.0622845e+00  -4.7401960e-01  -4.8790721e-01  -7.3302113e-01   1.1549413e+00
  -2.4739481e-01  -7.2515584e-01   6.4266075e-01   5.3348125e-01  -8.4509288e-01   4.8595435e-01   2.2301199e-01  -1.0622951e+00  -4.7400609e-01  -4.8791943e-01  -7.3302170e-01   1.1549433e+00
  -2.4739316e-01  -7.2515604e-01   6.4266111e-01   5.3348669e-01  -8.4510953e-01   4.8593663e-01   2.2298775e-01  -1.0623016e+00  -4.7397736e-01  -4.8793679e-01  -7.3302876e-01   1.1549510e+00
  -2.4739494e-01  -7.2515215e-01   6.4266488e-01   5.3348893e-01  -8.4512007e-01   4.8592774e-01   2.2296704e-01  -1.0623095e+00  -4.7395757e-01  -4.8795148e-01  -7.3303180e-01   1.1549560e+00
  -2.4740099e-01  -7.2514038e-01   6.4267580e-01   5.3349035e-01  -8.4513677e-01   4.8591674e-01   2.2292763e-01  -1.0623275e+00  -4.7392464e-01  -4.8797983e-01  -7.3303418e-01   1.1549632e+00
  -2.4740631e-01  -7.2513773e-01   6.4267670e-01   5.3349215e-01  -8.4514505e-01   4.8591108e-01   2.2290873e-01  -1.0623347e+00  -4.7390713e-01  -4.8798944e-01  -7.3303912e-01   1.1549666e+00
  -2.4740814e-01  -7.2513741e-01   6.4267637e-01   5.3349681e-01  -8.4516214e-01   4.8589419e-01   2.2288058e-01  -1.0623428e+00  -4.7387568e-01  -4.8800667e-01  -7.3304793e-01   1.1549741e+00
  -2.4740003e-01  -7.2513167e-01   6.4268599e-01   5.3350114e-01  -8.4517108e-01   4.8588412e-01   2.2286874e-01  -1.0623472e+00  -4.7386394e-01  -4.8802529e-01  -7.3304316e-01   1.1549812e+00
  -2.4741115e-01  -7.2512929e-01   6.4268436e-01   5.3350151e-01  -8.4518368e-01   4.8587591e-01   2.2283877e-01  -1.0623589e+00  -4.7383567e-01  -4.8803693e-01  -7.3305366e-01   1.1549843e+00
  -2.4741765e-01  -7.2512158e-01   6.4269060e-01   5.3350026e-01  -8.4518778e-01   4.8587671e-01   2.2282158e-01  -1.0623683e+00  -4.7382501e-01  -4.8804768e-01  -7.3305342e-01   1.1549859e+00
  -2.4741455e-01  -7.2512081e-01   6.4269265e-01   5.3350641e-01  -8.4520627e-01   4.8585682e-01   2.2279476e-01  -1.0623757e+00  -4.7379361e-01  -4.8806861e-01  -7.3305975e-01   1.1549949e+00
  -2.4741342e-01  -7.2511768e-01   6.4269665e-01   5.3351010e-01  -8.4521716e-01   4.8584629e-01   2.2277645e-01  -1.0623833e+00  -4.7377484e-01  -4.8808373e-01  -7.3306187e-01   1.1549995e+00
  -2.4742888e-01  -7.2510500e-01   6.4270499e-01   5.3350657e-01  -8.4521796e-01   4.8585537e-01   2.2275360e-01  -1.0623940e+00  -4.7376531e-01  -4.8809353e-01  -7.3306151e-01   1.1550002e+00
  -2.4743085e-01  -7.2510234e-01   6.4270726e-01   5.3351092e-01  -8.4524129e-01   4.8583299e-01   2.2271392e-01  -1.0624097e+00  -4.7372263e-01  -4.8811982e-01  -7.3307159e-01   1.1550098e+00
  -2.4742759e-01  -7.2510154e-01   6.4270939e-01   5.3351711e-01  -8.4525980e-01   4.8581302e-01   2.2268719e-01  -1.0624171e+00  -4.7369127e-01  -4.8814090e-01  -7.3307776e-01   1.1550189e+00
  -2.4742686e-01  -7.2509735e-01   6.4271438e-01   5.3352121e-01  -8.4527224e-01   4.8580138e-01   2.2266543e-01  -1.0624252e+00  -4.7366954e-01  -4.8815859e-01  -7.3308006e-01   1.1550242e+00
  -2.4742865e-01  -7.2509425e-01   6.4271722e-01   5.3352312e-01  -8.4528190e-01   4.8579316e-01   2.2264661e-01  -1.0624331e+00  -4.7365128e-01  -4.8817147e-01  -7.3308326e-01   1.1550286e+00
  -2.4743694e-01  -7.2508502e-01   6.4272443e-01   5.3352117e-01  -8.4528981e-01   4.8579116e-01   2.2262099e-01  -1.0624453e+00  -4.7363290e-01  -4.8818716e-01  -7.3308471e-01   1.1550320e+00
  -2.4743604e-01  -7.2508477e-01   6.4272503e-01   5.3352664e-01  -8.4530513e-01   4.8577509e-01   2.2259782e-01  -1.0624514e+00  -4.7360601e-01  -4.8820344e-01  -7.3309120e-01   1.1550398e+00
  -2.4743887e-01  -7.2508021e-01   6.4272912e-01   5.3352852e-01  -8.4531549e-01   4.8576699e-01   2.2257610e-01  -1.0624601e+00  -4.7358598e-01  -4.8821833e-01  -7.3309424e-01   1.1550445e+00
  -2.4743292e-01  -7.2507587e-01   6.4273628e-01   5.3353434e-01  -8.4533028e-01   4.8575118e-01   2.2255453e-01  -1.0624685e+00  -4.7356274e-01  -4.8824054e-01  -7.3309448e-01   1.1550518e+00
  -2.4744010e-01  -7.2507074e-01   6.4273933e-01   5.3353487e-01  -8.4534181e-01   4.8574359e-01   2.2252731e-01  -1.0624784e+00  -4.7353842e-01  -4.8825565e-01  -7.3310012e-01   1.1550574e+00
  -2.4744281e-01  -7.2506186e-01   6.4274829e-01   5.3354006e-01  -8.4536513e-01   4.8572356e-01   2.2248231e-01  -1.0624956e+00  -4.7349535e-01  -4.8828874e-01  -7.3310593e-01   1.1550686e+00
  -2.4743988e-01  -7.2505792e-01   6.4275384e-01   5.3354437e-01  -8.4537722e-01   4.8571146e-01   2.2246289e-01  -1.0625034e+00  -4.7347531e-01  -4.8830662e-01  -7.3310691e-01   1.1550742e+00
  -2.4744917e-01  -7.2504794e-01   6.4276156e-01   5.3354262e-01  -8.4538468e-01   4.8571052e-01   2.2243655e-01  -1.0625159e+00  -4.7345711e-01  -4.8832241e-01  -7.3310819e-01   1.1550780e+00
  -2.4745319e-01  -7.2503795e-01   6.4277127e-01   5.3354484e-01  -8.4539326e-01   4.8570654e-01   2.2241262e-01  -1.0625250e+00  -4.7343970e-01  -4.8834121e-01  -7.3310689e-01   1.1550833e+00
  -2.4744446e-01  -7.2503912e-01   6.4277327e-01   5.3355241e-01  -8.4540983e-01   4.8568596e-01   2.2239464e-01  -1.0625303e+00  -4.7341463e-01  -4.8835993e-01  -7.3311063e-01   1.1550912e+00
  -2.4745129e-01  -7.2503868e-01   6.4277120e-01   5.3355286e-01  -8.4542436e-01   4.8567355e-01   2.2236645e-01  -1.0625403e+00  -4.7338513e-01  -4.8837295e-01  -7.3312100e-01   1.1550967e+00
  -2.4744464e-01  -7.2503527e-01   6.4277758e-01   5.3355798e-01  -8.4543693e-01   4.8565942e-01   2.2234958e-01  -1.0625475e+00  -4.7336619e-01  -4.8839207e-01  -7.3312046e-01   1.1551032e+00
  -2.4744561e-01  -7.2502966e-01   6.4278350e-01   5.3356117e-01  -8.4545014e-01   4.8564804e-01   2.2232422e-01  -1.0625564e+00  -4.7334214e-01  -4.8841164e-01  -7.3312296e-01   1.1551098e+00
  -2.4745462e-01  -7.2501551e-01   6.4279603e-01   5.3356007e-01  -8.4545338e-01   4.8565282e-01   2.2230142e-01  -1.0625679e+00  -4.7333160e-01  -4.8842792e-01  -7.3311894e-01   1.1551122e+00
  -2.4744838e-01  -7.2501952e-01   6.4279385e-01   5.3356645e-01  -8.4547439e-01   4.8562752e-01   2.2227679e-01  -1.0625749e+00  -4.7329734e-01  -4.8844709e-01  -7.3312825e-01   1.1551216e+00
  -2.4745334e-01  -7.2501220e-01   6.4280024e-01   5.3356781e-01  -8.4548016e-01   4.8562587e-01   2.2225846e-01  -1.0625823e+00  -4.7328445e-01  -4.8845968e-01  -7.3312822e-01   1.1551250e+00
  -2.4745079e-01  -7.2500613e-01   6.4280805e-01   5.3357512e-01  -8.4551106e-01   4.8559518e-01   2.2220799e-01  -1.0626008e+00  -4.7323051e-01  -4.8849916e-01  -7.3313670e-01   1.1551395e+00
  -2.4745161e-01  -7.2499589e-01   6.4281934e-01   5.3357845e-01  -8.4552132e-01   4.8558843e-01   2.2218369e-01  -1.0626096e+00  -4.7321176e-01  -4.8852113e-01  -7.3313419e-01   1.1551462e+00
  -2.4745490e-01  -7.2499062e-01   6.4282399e-01   5.3358072e-01  -8.4553359e-01   4.8557875e-01   2.2215820e-01  -1.0626197e+00  -4.7318815e-01  -4.8853856e-01  -7.3313781e-01   1.1551518e+00
  -2.4745343e-01  -7.2498531e-01   6.4283051e-01   5.3358440e-01  -8.4554687e-01   4.8556634e-01   2.2213473e-01  -1.0626288e+00  -4.7316516e-01  -4.8855872e-01  -7.3313919e-01   1.1551586e+00
  -2.4745135e-01  -7.2498599e-01   6.4283058e-01   5.3358756e-01  -8.4556281e-01   4.8554890e-01   2.2211212e-01  -1.0626381e+00  -4.7313780e-01  -4.8857508e-01  -7.3314602e-01   1.1551655e+00
  -2.4744870e-01  -7.2498121e-01   6.4283700e-01   5.3359121e-01  -8.4557709e-01   4.8553481e-01   2.2208850e-01  -1.0626472e+00  -4.7311366e-01  -4.8859610e-01  -7.3314753e-01   1.1551723e+00
  -2.4745026e-01  -7.2497376e-01   6.4284479e-01   5.3359498e-01  -8.4559179e-01   4.8552279e-01   2.2205886e-01  -1.0626576e+00  -4.7308656e-01  -4.8861914e-01  -7.3314965e-01   1.1551805e+00
  -2.4745845e-01  -7.2496957e-01   6.4284638e-01   5.3359519e-01  -8.4560220e-01   4.8551642e-01   2.2203316e-01  -1.0626670e+00  -4.7306367e-01  -4.8863172e-01  -7.3315605e-01   1.1551851e+00
  -2.4745365e-01  -7.2495863e-01   6.4286052e-01   5.3360105e-01  -8.4561512e-01   4.8550512e-01   2.2200863e-01  -1.0626763e+00  -4.7304306e-01  -4.8865913e-01  -7.3315105e-01   1.1551933e+00
  -2.4745134e-01  -7.2496274e-01   6.4285683e-01   5.3360392e-01  -8.4563235e-01   4.8548507e-01   2.2198686e-01  -1.0626854e+00  -4.7301350e-01  -4.8867297e-01  -7.3316096e-01   1.1551995e+00
  -2.4746383e-01  -7.2495510e-01   6.4286056e-01   5.3360522e-01  -8.4564391e-01   4.8548026e-01   2.2195342e-01  -1.0626981e+00  -4.7298629e-01  -4.8868906e-01  -7.3316775e-01   1.1552038e+00
  -2.4745155e-01  -7.2494166e-01   6.4288048e-01   5.3361448e-01  -8.4567244e-01   4.8545100e-01   2.2190862e-01  -1.0627148e+00  -4.7294171e-01  -4.8873806e-01  -7.3316390e-01   1.1552212e+00
  -2.4744951e-01  -7.2494022e-01   6.4288290e-01   5.3362047e-01  -8.4569151e-01   4.8543110e-01   2.2187957e-01  -1.0627233e+00  -4.7290871e-01  -4.8875999e-01  -7.3317055e-01   1.1552304e+00
  -2.4745145e-01  -7.2493643e-01   6.4288645e-01   5.3362263e-01  -8.4570241e-01   4.8542184e-01   2.2185829e-01  -1.0627323e+00  -4.7288821e-01  -4.8877483e-01  -7.3317387e-01   1.1552354e+00
  -2.4745522e-01  -7.2491989e-01   6.4290363e-01   5.3362461e-01  -8.4571263e-01   4.8541827e-01   2.2182695e-01  -1.0627455e+00  -4.7286785e-01  -4.8880287e-01  -7.3316827e-01   1.1552425e+00
  -2.4745437e-01  -7.2491942e-01   6.4290448e-01   5.3362785e-01  -8.4572922e-01   4.8540102e-01   2.2180154e-01  -1.0627556e+00  -4.7283863e-01  -4.8882074e-01  -7.3317522e-01   1.1552493e+00
  -2.4745917e-01  -7.2490693e-01   6.4291671e-01   5.3362987e-01  -8.4574093e-01   4.8539491e-01   2.2177022e-01  -1.0627669e+00  -4.7281520e-01  -4.8884528e-01  -7.3317396e-01   1.1552572e+00
  -2.4745099e-01  -7.2490826e-01   6.4291835e-01   5.3363594e-01  -8.4575692e-01   4.8537500e-01   2.2175286e-01  -1.0627750e+00  -4.7279088e-01  -4.8886305e-01  -7.3317781e-01   1.1552631e+00
  -2.4744828e-01  -7.2490583e-01   6.4292211e-01   5.3364175e-01  -8.4577801e-01   4.8535308e-01   2.2172043e-01  -1.0627846e+00  -4.7275460e-01  -4.8888841e-01  -7.3318428e-01   1.1552745e+00
  -2.4745308e-01  -7.2489547e-01   6.4293198e-01   5.3364260e-01  -8.4578852e-01   4.8534754e-01   2.2169259e-01  -1.0627970e+00  -4.7273333e-01  -4.8890936e-01  -7.3318405e-01   1.1552798e+00
  -2.4745150e-01  -7.2488841e-01   6.4294055e-01   5.3364637e-01  -8.4580324e-01   4.8533417e-01   2.2166566e-01  -1.0628076e+00  -4.7270782e-01  -4.8893305e-01  -7.3318469e-01   1.1552877e+00
  -2.4746541e-01  -7.2488580e-01   6.4293818e-01   5.3364683e-01  -8.4581557e-01   4.8532722e-01   2.2163364e-01  -1.0628202e+00  -4.7267842e-01  -4.8894381e-01  -7.3319647e-01   1.1552907e+00
  -2.4745209e-01  -7.2487086e-01   6.4296011e-01   5.3365708e-01  -8.4584746e-01   4.8529470e-01   2.2158328e-01  -1.0628389e+00  -4.7262833e-01  -4.8899831e-01  -7.3319244e-01   1.1553101e+00
  -2.4745138e-01  -7.2486746e-01   6.4296423e-01   5.3366250e-01  -8.4586842e-01   4.8527388e-01   2.2154881e-01  -1.0628490e+00  -4.7259121e-01  -4.8902395e-01  -7.3319926e-01   1.1553212e+00
  -2.4746098e-01  -7.2486614e-01   6.4296201e-01   5.3366169e-01  -8.4587821e-01   4.8526764e-01   2.2152513e-01  -1.0628618e+00  -4.7256862e-01  -4.8903212e-01  -7.3320835e-01   1.1553213e+00
  -2.4746246e-01  -7.2485596e-01   6.4297293e-01   5.3366600e-01  -8.4589109e-01   4.8525833e-01   2.2149632e-01  -1.0628720e+00  -4.7254484e-01  -4.8905641e-01  -7.3320746e-01   1.1553296e+00
  -2.4745984e-01  -7.2485405e-01   6.4297609e-01   5.3367234e-01  -8.4591110e-01   4.8523735e-01   2.2146581e-01  -1.0628811e+00  -4.7251032e-01  -4.8908011e-01  -7.3321391e-01   1.1553395e+00
  -2.4746211e-01  -7.2484241e-01   6.4298834e-01   5.3367365e-01  -8.4592263e-01   4.8523026e-01   2.2143740e-01  -1.0628948e+00  -4.7248858e-01  -4.8910440e-01  -7.3321176e-01   1.1553459e+00
  -2.4746629e-01  -7.2483665e-01   6.4299323e-01   5.3367616e-01  -8.4593819e-01   4.8521760e-01   2.2140562e-01  -1.0629062e+00  -4.7245846e-01  -4.8912549e-01  -7.3321703e-01   1.1553537e+00
  -2.4745946e-01  -7.2482914e-01   6.4300428e-01   5.3368469e-01  -8.4595734e-01   4.8519795e-01   2.2137559e-01  -1.0629149e+00  -4.7242775e-01  -4.8915607e-01  -7.3321646e-01   1.1553648e+00
  -2.4745495e-01  -7.2482084e-01   6.4301541e-01   5.3368576e-01  -8.4597006e-01   4.8518598e-01   2.2135316e-01  -1.0629260e+00  -4.7240737e-01  -4.8918024e-01  -7.3321345e-01   1.1553730e+00
  -2.4745395e-01  -7.2480968e-01   6.4302833e-01   5.3369006e-01  -8.4598593e-01   4.8517305e-01   2.2132088e-01  -1.0629378e+00  -4.7237948e-01  -4.8920955e-01  -7.3321184e-01   1.1553818e+00
  -2.4744577e-01  -7.2481340e-01   6.4302732e-01   5.3369802e-01  -8.4600528e-01   4.8514884e-01   2.2129995e-01  -1.0629442e+00  -4.7234905e-01  -4.8922813e-01  -7.3321905e-01   1.1553906e+00
  -2.4745324e-01  -7.2480217e-01   6.4303711e-01   5.3369733e-01  -8.4601599e-01   4.8514421e-01   2.2126901e-01  -1.0629579e+00  -4.7232593e-01  -4.8924932e-01  -7.3321979e-01   1.1553967e+00
  -2.4744273e-01  -7.2480043e-01   6.4304308e-01   5.3370653e-01  -8.4603790e-01   4.8511841e-01   2.2124193e-01  -1.0629657e+00  -4.7229220e-01  -4.8927747e-01  -7.3322278e-01   1.1554081e+00
  -2.4744211e-01  -7.2478798e-01   6.4305739e-01   5.3371421e-01  -8.4606877e-01   4.8509049e-01   2.2118509e-01  -1.0629873e+00  -4.7223724e-01  -4.8932362e-01  -7.3322739e-01   1.1554239e+00
  -2.4744083e-01  -7.2478103e-01   6.4306573e-01   5.3371825e-01  -8.4608419e-01   4.8507646e-01   2.2115690e-01  -1.0629985e+00  -4.7221036e-01  -4.8934785e-01  -7.3322856e-01   1.1554320e+00
  -2.4743948e-01  -7.2477528e-01   6.4307270e-01   5.3372269e-01  -8.4610106e-01   4.8506043e-01   2.2112743e-01  -1.0630089e+00  -4.7218074e-01  -4.8937218e-01  -7.3323130e-01   1.1554409e+00
  -2.4744474e-01  -7.2476289e-01   6.4308465e-01   5.3372481e-01  -8.4611342e-01   4.8505378e-01   2.2109479e-01  -1.0630207e+00  -4.7215591e-01  -4.8939717e-01  -7.3323065e-01   1.1554490e+00
  -2.4744404e-01  -7.2476271e-01   6.4308511e-01   5.3372834e-01  -8.4613088e-01   4.8503549e-01   2.2106810e-01  -1.0630310e+00  -4.7212497e-01  -4.8941553e-01  -7.3323837e-01   1.1554562e+00
  -2.4744019e-01  -7.2475608e-01   6.4309410e-01   5.3373390e-01  -8.4614774e-01   4.8501890e-01   2.2103991e-01  -1.0630425e+00  -4.7209675e-01  -4.8944182e-01  -7.3323897e-01   1.1554646e+00
  -2.4745777e-01  -7.2474667e-01   6.4309792e-01   5.3373364e-01  -8.4615928e-01   4.8501644e-01   2.2100115e-01  -1.0630566e+00  -4.7206685e-01  -4.8945820e-01  -7.3324726e-01   1.1554692e+00
  -2.4743646e-01  -7.2474258e-01   6.4311071e-01   5.3374245e-01  -8.4617982e-01   4.8498895e-01   2.2098281e-01  -1.0630641e+00  -4.7204125e-01  -4.8949142e-01  -7.3324158e-01   1.1554818e+00
  -2.4743313e-01  -7.2473626e-01   6.4311914e-01   5.3374744e-01  -8.4619664e-01   4.8497254e-01   2.2095451e-01  -1.0630746e+00  -4.7201282e-01  -4.8951714e-01  -7.3324272e-01   1.1554908e+00
  -2.4743486e-01  -7.2473005e-01   6.4312545e-01   5.3375075e-01  -8.4621215e-01   4.8495922e-01   2.2092444e-01  -1.0630860e+00  -4.7198414e-01  -4.8953952e-01  -7.3324624e-01   1.1554986e+00
  -2.4743317e-01  -7.2472478e-01   6.4313202e-01   5.3375411e-01  -8.4622483e-01   4.8494725e-01   2.2090205e-01  -1.0630955e+00  -4.7196228e-01  -4.8955914e-01  -7.3324717e-01   1.1555052e+00
  -2.4743427e-01  -7.2471817e-01   6.4313904e-01   5.3375805e-01  -8.4624151e-01   4.8493259e-01   2.2087031e-01  -1.0631065e+00  -4.7193176e-01  -4.8958339e-01  -7.3325064e-01   1.1555136e+00
  -2.4743688e-01  -7.2470860e-01   6.4314889e-01   5.3376101e-01  -8.4625366e-01   4.8492419e-01   2.2084216e-01  -1.0631168e+00  -4.7190864e-01  -4.8960594e-01  -7.3325048e-01   1.1555201e+00
  -2.4743621e-01  -7.2470624e-01   6.4315177e-01   5.3376506e-01  -8.4627110e-01   4.8490669e-01   2.2081376e-01  -1.0631273e+00  -4.7187765e-01  -4.8962683e-01  -7.3325649e-01   1.1555283e+00
  -2.4743460e-01  -7.2470034e-01   6.4315903e-01   5.3376895e-01  -8.4628628e-01   4.8489241e-01   2.2078704e-01  -1.0631382e+00  -4.7185133e-01  -4.8964967e-01  -7.3325816e-01   1.1555364e+00
  -2.4743359e-01  -7.2468815e-01   6.4317316e-01   5.3377580e-01  -8.4631786e-01   4.8486341e-01   2.2072951e-01  -1.0631602e+00  -4.7179517e-01  -4.8969636e-01  -7.3326312e-01   1.1555519e+00
  -2.4743486e-01  -7.2468416e-01   6.4317717e-01   5.3378165e-01  -8.4633859e-01   4.8484375e-01   2.2069335e-01  -1.0631706e+00  -4.7175733e-01  -4.8972180e-01  -7.3327047e-01   1.1555636e+00
  -2.4743266e-01  -7.2467002e-01   6.4319395e-01   5.3378512e-01  -8.4634613e-01   4.8483994e-01   2.2067267e-01  -1.0631812e+00  -4.7174491e-01  -4.8974646e-01  -7.3326197e-01   1.1555689e+00
  -2.4743303e-01  -7.2466926e-01   6.4319465e-01   5.3378762e-01  -8.4636325e-01   4.8482258e-01   2.2064522e-01  -1.0631916e+00  -4.7171406e-01  -4.8976477e-01  -7.3326959e-01   1.1555753e+00
  -2.4743144e-01  -7.2466262e-01   6.4320275e-01   5.3379228e-01  -8.4637912e-01   4.8480783e-01   2.2061677e-01  -1.0632028e+00  -4.7168642e-01  -4.8978918e-01  -7.3327108e-01   1.1555844e+00
  -2.4743060e-01  -7.2465736e-01   6.4320901e-01   5.3379557e-01  -8.4639214e-01   4.8479581e-01   2.2059316e-01  -1.0632129e+00  -4.7166343e-01  -4.8980889e-01  -7.3327270e-01   1.1555911e+00
  -2.4743338e-01  -7.2465003e-01   6.4321620e-01   5.3379920e-01  -8.4640866e-01   4.8478213e-01   2.2055984e-01  -1.0632240e+00  -4.7163235e-01  -4.8983325e-01  -7.3327642e-01   1.1555992e+00
  -2.4743097e-01  -7.2463987e-01   6.4322854e-01   5.3380402e-01  -8.4642220e-01   4.8477075e-01   2.2053300e-01  -1.0632338e+00  -4.7160932e-01  -4.8985956e-01  -7.3327369e-01   1.1556081e+00
  -2.4743243e-01  -7.2463916e-01   6.4322879e-01   5.3380608e-01  -8.4643718e-01   4.8475592e-01   2.2050802e-01  -1.0632440e+00  -4.7158169e-01  -4.8987526e-01  -7.3328095e-01   1.1556142e+00
  -2.4743072e-01  -7.2463131e-01   6.4323829e-01   5.3381052e-01  -8.4645437e-01   4.8474014e-01   2.2047675e-01  -1.0632561e+00  -4.7155175e-01  -4.8990247e-01  -7.3328201e-01   1.1556234e+00
  -2.4743468e-01  -7.2462628e-01   6.4324246e-01   5.3381279e-01  -8.4646842e-01   4.8472868e-01   2.2044800e-01  -1.0632664e+00  -4.7152445e-01  -4.8992132e-01  -7.3328700e-01   1.1556304e+00
  -2.4742819e-01  -7.2461962e-01   6.4325240e-01   5.3381906e-01  -8.4648634e-01   4.8471001e-01   2.2042020e-01  -1.0632769e+00  -4.7149566e-01  -4.8994956e-01  -7.3328659e-01   1.1556401e+00
  -2.4742865e-01  -7.2461255e-01   6.4326024e-01   5.3382271e-01  -8.4650153e-01   4.8469685e-01   2.2039086e-01  -1.0632876e+00  -4.7146814e-01  -4.8997312e-01  -7.3328853e-01   1.1556479e+00
  -2.4744044e-01  -7.2460810e-01   6.4326069e-01   5.3382379e-01  -8.4651531e-01   4.8468824e-01   2.2035691e-01  -1.0633012e+00  -4.7143729e-01  -4.8998817e-01  -7.3329837e-01   1.1556523e+00
  -2.4743778e-01  -7.2461173e-01   6.4325765e-01   5.3382955e-01  -8.4653565e-01   4.8466489e-01   2.2033004e-01  -1.0633090e+00  -4.7140209e-01  -4.9000588e-01  -7.3330917e-01   1.1556608e+00
  -2.4744393e-01  -7.2459034e-01   6.4327933e-01   5.3383015e-01  -8.4654581e-01   4.8466386e-01   2.2029332e-01  -1.0633252e+00  -4.7138062e-01  -4.9003853e-01  -7.3330113e-01   1.1556690e+00
  -2.4743686e-01  -7.2458353e-01   6.4328981e-01   5.3383999e-01  -8.4658024e-01   4.8462789e-01   2.2024014e-01  -1.0633451e+00  -4.7132253e-01  -4.9008425e-01  -7.3330796e-01   1.1556853e+00
  -2.4742457e-01  -7.2457832e-01   6.4330039e-01   5.3384563e-01  -8.4659569e-01   4.8460921e-01   2.2022179e-01  -1.0633524e+00  -4.7130120e-01  -4.9011041e-01  -7.3330416e-01   1.1556957e+00
  -2.4741891e-01  -7.2457101e-01   6.4331076e-01   5.3385372e-01  -8.4661694e-01   4.8458764e-01   2.2018766e-01  -1.0633621e+00  -4.7126601e-01  -4.9014255e-01  -7.3330532e-01   1.1557082e+00
  -2.4741336e-01  -7.2456198e-01   6.4332308e-01   5.3385693e-01  -8.4662885e-01   4.8457631e-01   2.2016661e-01  -1.0633737e+00  -4.7124745e-01  -4.9016706e-01  -7.3330077e-01   1.1557144e+00
  -2.4741726e-01  -7.2455395e-01   6.4333062e-01   5.3385967e-01  -8.4664424e-01   4.8456448e-01   2.2013367e-01  -1.0633857e+00  -4.7121787e-01  -4.9019061e-01  -7.3330409e-01   1.1557234e+00
  -2.4742948e-01  -7.2454538e-01   6.4333561e-01   5.3386087e-01  -8.4665548e-01   4.8456006e-01   2.2010004e-01  -1.0633981e+00  -4.7119113e-01  -4.9020774e-01  -7.3330982e-01   1.1557270e+00
